min F=100; num_slices=100; num_pts=200
angle,B_x,B_y,B_z,band number,Wien2k band number,spin dirn,branch,area [Angstrom^-2],freq [T],k_x,k_y,k_z,k_parallel,slicenum,inplane dk (Angstrom^-1),dF/dkpara^2,mass (m_e),df/dM [T/(mu_B/f.u.)]
0.000000000000000000e+00,0.000000000000000000e+00,0.000000000000000000e+00,1.000000000000000000e+00,3.000000000000000000e+00,2.500000000000000000e+01,1.000000000000000000e+00,8.000000000000000000e+00,0.000000000000000000e+00,2.326396000000000186e+03,8.170095000000000551e-01,8.201500999999999930e-01,-3.096361000000000165e-03,-3.096361000000000165e-03,5.400000000000000000e+01,1.801118999999999984e-02,-1.446488999999999942e+04,1.447739000000000109e-01,0.000000000000000000e+00
0.000000000000000000e+00,0.000000000000000000e+00,0.000000000000000000e+00,1.000000000000000000e+00,3.000000000000000000e+00,2.500000000000000000e+01,1.000000000000000000e+00,1.300000000000000000e+01,0.000000000000000000e+00,2.325969000000000051e+03,-8.161882000000000303e-01,-8.182700000000000529e-01,-1.625937000000000042e-03,-1.625937000000000042e-03,5.400000000000000000e+01,1.801118999999999984e-02,-1.604784000000000015e+04,1.466752000000000056e-01,0.000000000000000000e+00
1.000000000000000000e+00,3.030578999999999825e-03,-1.718727000000000102e-02,9.998477000000000059e-01,3.000000000000000000e+00,2.500000000000000000e+01,1.000000000000000000e+00,1.300000000000000000e+01,0.000000000000000000e+00,2.326255000000000109e+03,-8.156634000000000384e-01,-8.221823000000000325e-01,-8.480169999999999549e-04,1.081123999999999974e-02,5.600000000000000000e+01,1.799419000000000018e-02,-1.324526000000000022e+04,1.491755999999999915e-01,0.000000000000000000e+00
1.000000000000000000e+00,3.030578999999999825e-03,-1.718727000000000102e-02,9.998477000000000059e-01,3.000000000000000000e+00,2.500000000000000000e+01,1.000000000000000000e+00,2.000000000000000000e+01,0.000000000000000000e+00,2.326338999999999942e+03,8.183709000000000122e-01,-8.206980999999999860e-01,5.044009000000000409e-01,5.209097000000000310e-01,1.010000000000000000e+02,1.799419000000000018e-02,-2.125968000000000029e+04,1.497928000000000037e-01,0.000000000000000000e+00
1.000000000000000000e+00,3.030578999999999825e-03,-1.718727000000000102e-02,9.998477000000000059e-01,3.000000000000000000e+00,2.500000000000000000e+01,1.000000000000000000e+00,1.000000000000000000e+00,0.000000000000000000e+00,2.325728000000000065e+03,-8.198294999999999888e-01,8.181656999999999957e-01,-5.095401999999999987e-01,-5.260091000000000072e-01,8.000000000000000000e+00,1.799419000000000018e-02,-1.809916999999999825e+04,1.498664000000000107e-01,0.000000000000000000e+00
1.000000000000000000e+00,3.030578999999999825e-03,-1.718727000000000102e-02,9.998477000000000059e-01,3.000000000000000000e+00,2.500000000000000000e+01,1.000000000000000000e+00,5.000000000000000000e+00,0.000000000000000000e+00,2.326284999999999854e+03,-8.194749999999999535e-01,8.211199000000000137e-01,5.051752999999999938e-01,4.885020999999999947e-01,9.800000000000000000e+01,1.799419000000000018e-02,-2.087779999999999927e+04,1.498077999999999910e-01,0.000000000000000000e+00
1.000000000000000000e+00,3.030578999999999825e-03,-1.718727000000000102e-02,9.998477000000000059e-01,3.000000000000000000e+00,2.500000000000000000e+01,1.000000000000000000e+00,8.000000000000000000e+00,0.000000000000000000e+00,2.326471000000000004e+03,8.178881000000000068e-01,8.166016000000000385e-01,-2.549445999999999917e-03,-1.410552999999999980e-02,5.300000000000000000e+01,1.799419000000000018e-02,-1.422311000000000058e+04,1.496289000000000091e-01,0.000000000000000000e+00
2.000000000000000000e+00,6.060234000000000280e-03,-3.436928999999999679e-02,9.993908000000000236e-01,3.000000000000000000e+00,2.500000000000000000e+01,1.000000000000000000e+00,1.300000000000000000e+01,0.000000000000000000e+00,2.326791999999999916e+03,-8.184805000000000552e-01,-8.210859999999999825e-01,-2.001160999999999999e-03,2.126002000000000100e-02,5.600000000000000000e+01,1.797690999999999872e-02,-1.258363999999999942e+04,1.500612000000000057e-01,0.000000000000000000e+00
2.000000000000000000e+00,6.060234000000000280e-03,-3.436928999999999679e-02,9.993908000000000236e-01,3.000000000000000000e+00,2.500000000000000000e+01,1.000000000000000000e+00,8.000000000000000000e+00,0.000000000000000000e+00,2.327092999999999847e+03,8.176949999999999497e-01,8.175362000000000462e-01,-4.167134999999999763e-03,-2.730731999999999951e-02,5.200000000000000000e+01,1.797690999999999872e-02,-1.456369000000000051e+04,1.508607999999999894e-01,0.000000000000000000e+00
3.000000000000000000e+00,9.088043000000000510e-03,-5.154086000000000084e-02,9.986294999999999478e-01,3.000000000000000000e+00,2.500000000000000000e+01,1.000000000000000000e+00,1.300000000000000000e+01,0.000000000000000000e+00,2.328146000000000186e+03,-8.198562999999999823e-01,-8.183491999999999988e-01,-3.964737000000000296e-03,3.076821999999999890e-02,5.700000000000000000e+01,1.795936000000000060e-02,-1.349972999999999956e+04,1.511418999999999957e-01,0.000000000000000000e+00
3.000000000000000000e+00,9.088043000000000510e-03,-5.154086000000000084e-02,9.986294999999999478e-01,3.000000000000000000e+00,2.500000000000000000e+01,1.000000000000000000e+00,8.000000000000000000e+00,0.000000000000000000e+00,2.328188000000000102e+03,8.176708000000000309e-01,8.177518000000000287e-01,-3.918882999999999742e-03,-3.863011000000000222e-02,5.100000000000000000e+01,1.795936000000000060e-02,-1.450302000000000044e+04,1.505395999999999956e-01,0.000000000000000000e+00
4.000000000000000000e+00,1.211308000000000003e-02,-6.869672000000000278e-02,9.975640999999999536e-01,3.000000000000000000e+00,2.500000000000000000e+01,1.000000000000000000e+00,1.300000000000000000e+01,0.000000000000000000e+00,2.329688000000000102e+03,-8.193354000000000470e-01,-8.189883999999999498e-01,-4.076459999999999632e-03,4.227061000000000013e-02,5.800000000000000000e+01,1.794157000000000043e-02,-1.417825000000000000e+04,1.497914999999999941e-01,0.000000000000000000e+00
4.000000000000000000e+00,1.211308000000000003e-02,-6.869672000000000278e-02,9.975640999999999536e-01,3.000000000000000000e+00,2.500000000000000000e+01,1.000000000000000000e+00,8.000000000000000000e+00,0.000000000000000000e+00,2.329815999999999804e+03,8.173415000000000541e-01,8.181637000000000493e-01,-5.193401999999999741e-03,-5.148537999999999726e-02,5.000000000000000000e+01,1.794157000000000043e-02,-1.471594000000000051e+04,1.486685000000000090e-01,0.000000000000000000e+00
5.000000000000000000e+00,1.513444000000000074e-02,-8.583164999999999545e-02,9.961946999999999885e-01,3.000000000000000000e+00,2.500000000000000000e+01,1.000000000000000000e+00,1.300000000000000000e+01,0.000000000000000000e+00,2.331954000000000178e+03,-8.193076999999999721e-01,-8.209026999999999852e-01,-7.471852000000000181e-03,5.061625000000000152e-02,5.900000000000000000e+01,1.792356999999999978e-02,-1.588850000000000000e+04,1.501087999999999867e-01,0.000000000000000000e+00
5.000000000000000000e+00,1.513444000000000074e-02,-8.583164999999999545e-02,9.961946999999999885e-01,3.000000000000000000e+00,2.500000000000000000e+01,1.000000000000000000e+00,8.000000000000000000e+00,0.000000000000000000e+00,2.331884000000000015e+03,8.170306000000000513e-01,8.189020000000000188e-01,-5.857990999999999893e-03,-6.375811000000000672e-02,4.900000000000000000e+01,1.792356999999999978e-02,-1.504559000000000015e+04,1.495169000000000081e-01,0.000000000000000000e+00
6.000000000000000000e+00,1.815117999999999940e-02,-1.029404000000000013e-01,9.945218999999999587e-01,3.000000000000000000e+00,2.500000000000000000e+01,1.000000000000000000e+00,1.300000000000000000e+01,0.000000000000000000e+00,2.334534000000000106e+03,-8.200477999999999934e-01,-8.180834999999999635e-01,-4.727717999999999678e-03,6.462721999999999911e-02,6.000000000000000000e+01,1.790537999999999852e-02,-1.591163999999999942e+04,1.488585000000000047e-01,0.000000000000000000e+00
6.000000000000000000e+00,1.815117999999999940e-02,-1.029404000000000013e-01,9.945218999999999587e-01,3.000000000000000000e+00,2.500000000000000000e+01,1.000000000000000000e+00,8.000000000000000000e+00,0.000000000000000000e+00,2.334509000000000015e+03,8.167398999999999631e-01,8.197119999999999962e-01,-6.241856999999999961e-03,-7.576439000000000090e-02,4.800000000000000000e+01,1.790537999999999852e-02,-1.557212999999999920e+04,1.495557000000000136e-01,0.000000000000000000e+00
7.000000000000000000e+00,2.116238999999999967e-02,-1.200178999999999968e-01,9.925462000000000451e-01,3.000000000000000000e+00,2.500000000000000000e+01,1.000000000000000000e+00,1.300000000000000000e+01,0.000000000000000000e+00,2.336980000000000018e+03,-8.189775000000000249e-01,-8.225729999999999986e-01,-9.092388999999999333e-03,7.236731999999999887e-02,6.100000000000000000e+01,1.788702000000000000e-02,-1.326220000000000073e+04,1.492117000000000027e-01,0.000000000000000000e+00
7.000000000000000000e+00,2.116238999999999967e-02,-1.200178999999999968e-01,9.925462000000000451e-01,3.000000000000000000e+00,2.500000000000000000e+01,1.000000000000000000e+00,8.000000000000000000e+00,0.000000000000000000e+00,2.337418999999999869e+03,8.167697999999999903e-01,8.202732000000000356e-01,-4.961616000000000290e-03,-8.608726999999999352e-02,4.700000000000000000e+01,1.788702000000000000e-02,-1.543394000000000051e+04,1.508056000000000119e-01,0.000000000000000000e+00
8.000000000000000000e+00,2.416716000000000003e-02,-1.370587000000000055e-01,9.902680999999999845e-01,3.000000000000000000e+00,2.500000000000000000e+01,1.000000000000000000e+00,1.300000000000000000e+01,0.000000000000000000e+00,2.341018999999999778e+03,-8.199113999999999569e-01,-8.191277000000000141e-01,-6.463845999999999654e-03,8.605274999999999730e-02,6.200000000000000000e+01,1.786851999999999885e-02,-1.708402000000000044e+04,1.503317000000000125e-01,0.000000000000000000e+00
8.000000000000000000e+00,2.416716000000000003e-02,-1.370587000000000055e-01,9.902680999999999845e-01,3.000000000000000000e+00,2.500000000000000000e+01,1.000000000000000000e+00,8.000000000000000000e+00,0.000000000000000000e+00,2.340762999999999920e+03,8.169676999999999634e-01,8.207834000000000518e-01,-2.915444000000000108e-03,-9.563882999999999412e-02,4.600000000000000000e+01,1.786851999999999885e-02,-1.507578000000000065e+04,1.502528999999999948e-01,0.000000000000000000e+00
9.000000000000000000e+00,2.716456000000000079e-02,-1.540578999999999976e-01,9.876882999999999635e-01,3.000000000000000000e+00,2.500000000000000000e+01,1.000000000000000000e+00,1.300000000000000000e+01,0.000000000000000000e+00,2.344039000000000215e+03,-8.196959999999999802e-01,-8.193150000000000155e-01,-7.293090000000000336e-03,9.675195000000000323e-02,6.300000000000000000e+01,1.784989000000000020e-02,-1.231219000000000051e+04,1.496827000000000019e-01,0.000000000000000000e+00
9.000000000000000000e+00,2.716456000000000079e-02,-1.540578999999999976e-01,9.876882999999999635e-01,3.000000000000000000e+00,2.500000000000000000e+01,1.000000000000000000e+00,8.000000000000000000e+00,0.000000000000000000e+00,2.344360000000000127e+03,8.169535999999999465e-01,8.216067999999999705e-01,-1.726251000000000044e-03,-1.060877999999999960e-01,4.500000000000000000e+01,1.784989000000000020e-02,-1.444987000000000080e+04,1.496707999999999927e-01,0.000000000000000000e+00
1.000000000000000000e+01,3.015369000000000035e-02,-1.710100999999999982e-01,9.848078000000000110e-01,3.000000000000000000e+00,2.500000000000000000e+01,1.000000000000000000e+00,1.300000000000000000e+01,0.000000000000000000e+00,2.348992999999999938e+03,-8.197210999999999803e-01,-8.195542999999999578e-01,-5.939024000000000213e-03,1.095856000000000052e-01,6.400000000000000000e+01,1.783117000000000035e-02,-1.662247999999999956e+04,1.505636999999999948e-01,0.000000000000000000e+00
1.000000000000000000e+01,3.015369000000000035e-02,-1.710100999999999982e-01,9.848078000000000110e-01,3.000000000000000000e+00,2.500000000000000000e+01,1.000000000000000000e+00,8.000000000000000000e+00,0.000000000000000000e+00,2.348496999999999844e+03,8.176584999999999548e-01,8.190695999999999533e-01,-2.808339999999999882e-03,-1.181794000000000039e-01,4.400000000000000000e+01,1.783117000000000035e-02,-1.351440999999999985e+04,1.489344999999999974e-01,0.000000000000000000e+00
1.100000000000000000e+01,3.313362999999999725e-02,-1.879101999999999995e-01,9.816272000000000331e-01,3.000000000000000000e+00,2.500000000000000000e+01,1.000000000000000000e+00,1.300000000000000000e+01,0.000000000000000000e+00,2.353125000000000000e+03,-8.194496999999999476e-01,-8.194314000000000320e-01,-5.596592000000000060e-03,1.213343999999999950e-01,6.500000000000000000e+01,1.781239000000000086e-02,-1.301060000000000036e+04,1.505173999999999956e-01,0.000000000000000000e+00
1.100000000000000000e+01,3.313362999999999725e-02,-1.879101999999999995e-01,9.816272000000000331e-01,3.000000000000000000e+00,2.500000000000000000e+01,1.000000000000000000e+00,8.000000000000000000e+00,0.000000000000000000e+00,2.353152000000000044e+03,8.171726999999999741e-01,8.201707000000000303e-01,-4.376371000000000427e-03,-1.313384999999999969e-01,4.300000000000000000e+01,1.781239000000000086e-02,-1.326396999999999935e+04,1.495380000000000043e-01,0.000000000000000000e+00
1.200000000000000000e+01,3.610349000000000197e-02,-2.047529999999999906e-01,9.781476000000000059e-01,3.000000000000000000e+00,2.500000000000000000e+01,1.000000000000000000e+00,1.300000000000000000e+01,0.000000000000000000e+00,2.358710000000000036e+03,-8.194909000000000221e-01,-8.192890000000000450e-01,-3.602273000000000020e-03,1.346419000000000088e-01,6.600000000000000000e+01,1.779355000000000173e-02,-1.595435000000000036e+04,1.501781000000000088e-01,0.000000000000000000e+00
1.200000000000000000e+01,3.610349000000000197e-02,-2.047529999999999906e-01,9.781476000000000059e-01,3.000000000000000000e+00,2.500000000000000000e+01,1.000000000000000000e+00,8.000000000000000000e+00,0.000000000000000000e+00,2.358554000000000087e+03,8.167246000000000228e-01,8.216396999999999728e-01,-5.194096999999999950e-03,-1.438271999999999884e-01,4.200000000000000000e+01,1.779355000000000173e-02,-1.494280999999999949e+04,1.510679000000000050e-01,0.000000000000000000e+00
1.300000000000000000e+01,3.906234000000000095e-02,-2.215334999999999943e-01,9.743701000000000167e-01,3.000000000000000000e+00,2.500000000000000000e+01,1.000000000000000000e+00,1.300000000000000000e+01,0.000000000000000000e+00,2.364159000000000106e+03,-8.194962999999999553e-01,-8.185094000000000536e-01,-3.524769999999999986e-03,1.458813999999999944e-01,6.700000000000000000e+01,1.777468999999999924e-02,-1.481726000000000022e+04,1.510074999999999890e-01,0.000000000000000000e+00
1.300000000000000000e+01,3.906234000000000095e-02,-2.215334999999999943e-01,9.743701000000000167e-01,3.000000000000000000e+00,2.500000000000000000e+01,1.000000000000000000e+00,8.000000000000000000e+00,0.000000000000000000e+00,2.364282000000000153e+03,8.171623000000000081e-01,8.191768000000000383e-01,-4.583811000000000135e-03,-1.540211999999999970e-01,4.100000000000000000e+01,1.777468999999999924e-02,-1.578145999999999913e+04,1.520798999999999901e-01,0.000000000000000000e+00
1.400000000000000000e+01,4.200929999999999942e-02,-2.382466000000000028e-01,9.702956999999999832e-01,3.000000000000000000e+00,2.500000000000000000e+01,1.000000000000000000e+00,1.300000000000000000e+01,0.000000000000000000e+00,2.370195000000000164e+03,-8.185417999999999861e-01,-8.214700999999999809e-01,-3.927336000000000021e-03,1.575153999999999999e-01,6.800000000000000000e+01,1.775583000000000022e-02,-1.439980999999999949e+04,1.513755999999999990e-01,0.000000000000000000e+00
1.400000000000000000e+01,4.200929999999999942e-02,-2.382466000000000028e-01,9.702956999999999832e-01,3.000000000000000000e+00,2.500000000000000000e+01,1.000000000000000000e+00,8.000000000000000000e+00,0.000000000000000000e+00,2.370291999999999916e+03,8.169579000000000146e-01,8.201102999999999588e-01,-4.000059999999999727e-03,-1.649499000000000104e-01,4.000000000000000000e+01,1.775583000000000022e-02,-1.492310000000000036e+04,1.512902999999999887e-01,0.000000000000000000e+00
1.500000000000000000e+01,4.494345999999999758e-02,-2.548869999999999747e-01,9.659257999999999456e-01,3.000000000000000000e+00,2.500000000000000000e+01,1.000000000000000000e+00,1.300000000000000000e+01,0.000000000000000000e+00,2.376699999999999818e+03,-8.199370000000000269e-01,-8.169026999999999816e-01,-2.650282999999999806e-03,1.688070999999999877e-01,6.900000000000000000e+01,1.773699000000000109e-02,-1.318911000000000058e+04,1.517291000000000056e-01,0.000000000000000000e+00
1.500000000000000000e+01,4.494345999999999758e-02,-2.548869999999999747e-01,9.659257999999999456e-01,3.000000000000000000e+00,2.500000000000000000e+01,1.000000000000000000e+00,8.000000000000000000e+00,0.000000000000000000e+00,2.376769999999999982e+03,8.172089999999999632e-01,8.187999999999999723e-01,-4.986324999999999785e-03,-1.767896999999999941e-01,3.900000000000000000e+01,1.773699000000000109e-02,-1.377329000000000087e+04,1.510867999999999933e-01,0.000000000000000000e+00
1.600000000000000000e+01,4.786391999999999730e-02,-2.714498000000000189e-01,9.612616999999999967e-01,3.000000000000000000e+00,2.500000000000000000e+01,1.000000000000000000e+00,1.300000000000000000e+01,0.000000000000000000e+00,2.383860000000000127e+03,-8.181760999999999617e-01,-8.205274999999999652e-01,-6.538898999999999927e-03,1.772853000000000068e-01,7.000000000000000000e+01,1.771819000000000172e-02,-1.347862000000000080e+04,1.523025000000000073e-01,0.000000000000000000e+00
1.600000000000000000e+01,4.786391999999999730e-02,-2.714498000000000189e-01,9.612616999999999967e-01,3.000000000000000000e+00,2.500000000000000000e+01,1.000000000000000000e+00,8.000000000000000000e+00,0.000000000000000000e+00,2.383864000000000033e+03,8.171209000000000389e-01,8.194261000000000461e-01,-5.183924999999999818e-03,-1.883055999999999897e-01,3.800000000000000000e+01,1.771819000000000172e-02,-1.277962000000000080e+04,1.516068999999999889e-01,0.000000000000000000e+00
1.700000000000000000e+01,5.076980999999999855e-02,-2.879299000000000164e-01,9.563047999999999549e-01,3.000000000000000000e+00,2.500000000000000000e+01,1.000000000000000000e+00,1.300000000000000000e+01,0.000000000000000000e+00,2.391150999999999840e+03,-8.181724000000000219e-01,-8.191106999999999694e-01,-5.512809999999999933e-03,1.890361000000000125e-01,7.100000000000000000e+01,1.769946999999999840e-02,-1.003336000000000058e+04,1.518726999999999994e-01,0.000000000000000000e+00
1.700000000000000000e+01,5.076980999999999855e-02,-2.879299000000000164e-01,9.563047999999999549e-01,3.000000000000000000e+00,2.500000000000000000e+01,1.000000000000000000e+00,8.000000000000000000e+00,0.000000000000000000e+00,2.391371999999999844e+03,8.170783999999999825e-01,8.209931999999999785e-01,-3.405287999999999805e-03,-1.981621000000000077e-01,3.800000000000000000e+01,1.769946999999999840e-02,-1.140019000000000051e+04,1.523652000000000062e-01,0.000000000000000000e+00
1.800000000000000000e+01,5.366023999999999794e-02,-3.043222999999999900e-01,9.510564999999999714e-01,3.000000000000000000e+00,2.500000000000000000e+01,1.000000000000000000e+00,1.300000000000000000e+01,0.000000000000000000e+00,2.399570999999999913e+03,-8.175000000000000044e-01,-8.193854000000000415e-01,-6.356604000000000074e-03,1.994444999999999968e-01,7.100000000000000000e+01,1.768083000000000155e-02,-1.091136000000000058e+04,1.524577000000000016e-01,0.000000000000000000e+00
1.800000000000000000e+01,5.366023999999999794e-02,-3.043222999999999900e-01,9.510564999999999714e-01,3.000000000000000000e+00,2.500000000000000000e+01,1.000000000000000000e+00,8.000000000000000000e+00,0.000000000000000000e+00,2.399302000000000135e+03,8.169104999999999839e-01,8.228208999999999662e-01,-2.330834999999999851e-03,-2.087838999999999945e-01,3.700000000000000000e+01,1.768083000000000155e-02,-9.176873999999999796e+03,1.524232000000000087e-01,0.000000000000000000e+00
1.900000000000000000e+01,5.653431999999999902e-02,-3.206220000000000181e-01,9.455185999999999868e-01,3.000000000000000000e+00,2.500000000000000000e+01,1.000000000000000000e+00,1.300000000000000000e+01,0.000000000000000000e+00,2.408150999999999840e+03,-8.157436000000000131e-01,-8.224740999999999858e-01,-1.001878999999999964e-02,2.081128999999999896e-01,7.200000000000000000e+01,1.766231000000000051e-02,-9.500434999999999491e+03,1.530381000000000102e-01,0.000000000000000000e+00
1.900000000000000000e+01,5.653431999999999902e-02,-3.206220000000000181e-01,9.455185999999999868e-01,3.000000000000000000e+00,2.500000000000000000e+01,1.000000000000000000e+00,8.000000000000000000e+00,0.000000000000000000e+00,2.408018999999999778e+03,8.178708999999999563e-01,8.200243000000000393e-01,-4.989839000000000253e-03,-2.213980999999999866e-01,3.600000000000000000e+01,1.766231000000000051e-02,-8.124378999999999905e+03,1.529205999999999899e-01,0.000000000000000000e+00
2.000000000000000000e+01,5.939117000000000007e-02,-3.368241000000000152e-01,9.396925999999999890e-01,3.000000000000000000e+00,2.500000000000000000e+01,1.000000000000000000e+00,8.000000000000000000e+00,0.000000000000000000e+00,2.417485999999999876e+03,8.168505999999999823e-01,8.191576999999999886e-01,-4.660036999999999686e-03,-2.317772999999999917e-01,3.500000000000000000e+01,1.764392000000000044e-02,-7.792510000000000218e+03,1.535661000000000109e-01,0.000000000000000000e+00
2.000000000000000000e+01,5.939117000000000007e-02,-3.368241000000000152e-01,9.396925999999999890e-01,3.000000000000000000e+00,2.500000000000000000e+01,1.000000000000000000e+00,1.300000000000000000e+01,0.000000000000000000e+00,2.417628000000000156e+03,-8.153091999999999562e-01,-8.219674999999999621e-01,-8.577516000000000307e-03,2.203759999999999886e-01,7.300000000000000000e+01,1.764392000000000044e-02,-8.828170000000000073e+03,1.532883999999999913e-01,0.000000000000000000e+00
2.100000000000000000e+01,6.222993999999999748e-02,-3.529235000000000011e-01,9.335803999999999769e-01,3.000000000000000000e+00,2.500000000000000000e+01,1.000000000000000000e+00,8.000000000000000000e+00,0.000000000000000000e+00,2.427567000000000007e+03,8.189250000000000140e-01,8.201446000000000014e-01,-5.371151999999999697e-03,-2.435010999999999981e-01,3.400000000000000000e+01,1.762568999999999941e-02,-7.317609999999999673e+03,1.538211999999999913e-01,0.000000000000000000e+00
2.100000000000000000e+01,6.222993999999999748e-02,-3.529235000000000011e-01,9.335803999999999769e-01,3.000000000000000000e+00,2.500000000000000000e+01,1.000000000000000000e+00,1.300000000000000000e+01,0.000000000000000000e+00,2.427634000000000015e+03,-8.159931999999999741e-01,-8.206109999999999793e-01,-8.237958999999999560e-03,2.311429000000000122e-01,7.400000000000000000e+01,1.762568999999999941e-02,-8.052764000000000124e+03,1.542771000000000003e-01,0.000000000000000000e+00
2.200000000000000000e+01,6.504975000000000340e-02,-3.689155000000000073e-01,9.271838999999999498e-01,3.000000000000000000e+00,2.500000000000000000e+01,1.000000000000000000e+00,8.000000000000000000e+00,0.000000000000000000e+00,2.438436000000000149e+03,8.171629999999999727e-01,8.190404999999999491e-01,-5.536735000000000094e-03,-2.541340000000000265e-01,3.300000000000000000e+01,1.760762999999999912e-02,-7.797572000000000116e+03,1.546991000000000060e-01,0.000000000000000000e+00
2.200000000000000000e+01,6.504975000000000340e-02,-3.689155000000000073e-01,9.271838999999999498e-01,3.000000000000000000e+00,2.500000000000000000e+01,1.000000000000000000e+00,1.300000000000000000e+01,0.000000000000000000e+00,2.438427999999999884e+03,-8.155116999999999505e-01,-8.199940999999999480e-01,-5.292566999999999758e-03,2.445525000000000060e-01,7.500000000000000000e+01,1.760762999999999912e-02,-7.965850000000000364e+03,1.554960999999999982e-01,0.000000000000000000e+00
2.300000000000000000e+01,6.784975000000000034e-02,-3.847949999999999982e-01,9.205048999999999593e-01,3.000000000000000000e+00,2.500000000000000000e+01,1.000000000000000000e+00,8.000000000000000000e+00,0.000000000000000000e+00,2.449974000000000160e+03,8.177132999999999763e-01,8.207010000000000138e-01,-3.121824999999999947e-03,-2.631936999999999749e-01,3.300000000000000000e+01,1.758977000000000110e-02,-8.018983000000000175e+03,1.560236000000000123e-01,0.000000000000000000e+00
2.300000000000000000e+01,6.784975000000000034e-02,-3.847949999999999982e-01,9.205048999999999593e-01,3.000000000000000000e+00,2.500000000000000000e+01,1.000000000000000000e+00,1.300000000000000000e+01,0.000000000000000000e+00,2.449913000000000011e+03,-8.149083000000000299e-01,-8.227670999999999735e-01,-6.140516999999999850e-03,2.556530000000000191e-01,7.500000000000000000e+01,1.758977000000000110e-02,-7.932300000000000182e+03,1.556725999999999943e-01,0.000000000000000000e+00
2.400000000000000000e+01,7.062907999999999686e-02,-4.005574000000000079e-01,9.135455000000000103e-01,3.000000000000000000e+00,2.500000000000000000e+01,1.000000000000000000e+00,8.000000000000000000e+00,0.000000000000000000e+00,2.462057999999999993e+03,8.166685999999999668e-01,8.204445999999999684e-01,-2.799416999999999791e-03,-2.735119999999999774e-01,3.200000000000000000e+01,1.757212000000000010e-02,-7.274856999999999971e+03,1.573284000000000071e-01,0.000000000000000000e+00
2.400000000000000000e+01,7.062907999999999686e-02,-4.005574000000000079e-01,9.135455000000000103e-01,3.000000000000000000e+00,2.500000000000000000e+01,1.000000000000000000e+00,1.300000000000000000e+01,0.000000000000000000e+00,2.462010999999999967e+03,-8.163641000000000369e-01,-8.197425000000000406e-01,-2.568079999999999929e-03,2.683487999999999984e-01,7.600000000000000000e+01,1.757212000000000010e-02,-7.148855999999999767e+03,1.562515999999999905e-01,0.000000000000000000e+00
2.500000000000000000e+01,7.338688999999999629e-02,-4.161977000000000038e-01,9.063077999999999967e-01,3.000000000000000000e+00,2.500000000000000000e+01,1.000000000000000000e+00,8.000000000000000000e+00,0.000000000000000000e+00,2.475018999999999778e+03,8.172859999999999570e-01,8.196489999999999609e-01,-4.783243999999999864e-03,-2.854930999999999996e-01,3.200000000000000000e+01,1.755471000000000115e-02,-7.207795000000000073e+03,1.578373000000000137e-01,0.000000000000000000e+00
2.500000000000000000e+01,7.338688999999999629e-02,-4.161977000000000038e-01,9.063077999999999967e-01,3.000000000000000000e+00,2.500000000000000000e+01,1.000000000000000000e+00,1.300000000000000000e+01,0.000000000000000000e+00,2.474936999999999898e+03,-8.152886000000000299e-01,-8.198455000000000048e-01,-2.924907999999999935e-03,2.787355000000000249e-01,7.700000000000000000e+01,1.755471000000000115e-02,-6.159761000000000422e+03,1.578222999999999987e-01,0.000000000000000000e+00
2.600000000000000000e+01,7.612235000000000529e-02,-4.317113000000000200e-01,8.987939999999999818e-01,3.000000000000000000e+00,2.500000000000000000e+01,1.000000000000000000e+00,8.000000000000000000e+00,0.000000000000000000e+00,2.488585999999999785e+03,8.179437000000000513e-01,8.192346000000000350e-01,-4.834806999999999994e-03,-2.957544999999999757e-01,3.100000000000000000e+01,1.753756000000000065e-02,-4.946070999999999913e+03,1.580859000000000014e-01,0.000000000000000000e+00
2.600000000000000000e+01,7.612235000000000529e-02,-4.317113000000000200e-01,8.987939999999999818e-01,3.000000000000000000e+00,2.500000000000000000e+01,1.000000000000000000e+00,1.300000000000000000e+01,0.000000000000000000e+00,2.488550000000000182e+03,-8.179195000000000215e-01,-8.184154999999999625e-01,-2.685827999999999913e-03,2.886432999999999915e-01,7.800000000000000000e+01,1.753756000000000065e-02,-4.667610999999999876e+03,1.579952000000000023e-01,0.000000000000000000e+00
2.700000000000000000e+01,7.883461999999999414e-02,-4.470933999999999742e-01,8.910065000000000346e-01,3.000000000000000000e+00,2.500000000000000000e+01,1.000000000000000000e+00,8.000000000000000000e+00,0.000000000000000000e+00,2.503112999999999829e+03,8.169870000000000188e-01,8.192536000000000262e-01,-6.473383000000000088e-03,-3.076438000000000228e-01,3.000000000000000000e+01,1.752068000000000028e-02,-4.118671999999999571e+03,1.587690999999999963e-01,0.000000000000000000e+00
2.700000000000000000e+01,7.883461999999999414e-02,-4.470933999999999742e-01,8.910065000000000346e-01,3.000000000000000000e+00,2.500000000000000000e+01,1.000000000000000000e+00,1.300000000000000000e+01,0.000000000000000000e+00,2.503057999999999993e+03,-8.188159999999999883e-01,-8.188982999999999679e-01,-4.855174999999999877e-04,3.011403000000000274e-01,7.800000000000000000e+01,1.752068000000000028e-02,-4.259756000000000313e+03,1.586275000000000046e-01,0.000000000000000000e+00
2.800000000000000000e+01,8.152288000000000590e-02,-4.623392000000000057e-01,8.829476000000000546e-01,3.000000000000000000e+00,2.500000000000000000e+01,1.000000000000000000e+00,8.000000000000000000e+00,0.000000000000000000e+00,2.518420999999999822e+03,8.179836000000000329e-01,8.206464999999999455e-01,-3.839801999999999799e-04,-3.130717000000000083e-01,3.000000000000000000e+01,1.750408999999999993e-02,-2.393630000000000109e+03,1.597204999999999875e-01,0.000000000000000000e+00
2.800000000000000000e+01,8.152288000000000590e-02,-4.623392000000000057e-01,8.829476000000000546e-01,3.000000000000000000e+00,2.500000000000000000e+01,1.000000000000000000e+00,1.300000000000000000e+01,0.000000000000000000e+00,2.518474999999999909e+03,-8.181922999999999835e-01,-8.196295000000000108e-01,-8.609254999999999686e-03,3.046439000000000230e-01,7.900000000000000000e+01,1.750408999999999993e-02,-3.046778999999999996e+03,1.600830000000000031e-01,0.000000000000000000e+00
2.900000000000000000e+01,8.418631000000000031e-02,-4.774442999999999881e-01,8.746196999999999999e-01,3.000000000000000000e+00,2.500000000000000000e+01,1.000000000000000000e+00,2.500000000000000000e+01,0.000000000000000000e+00,2.527215000000000146e+03,-8.146927000000000474e-01,8.165611000000000397e-01,5.398205999999999838e-01,1.368939999999999914e-02,5.500000000000000000e+01,1.748782000000000114e-02,8.765639999999999645e+02,1.613189999999999902e-01,0.000000000000000000e+00
2.900000000000000000e+01,8.418631000000000031e-02,-4.774442999999999881e-01,8.746196999999999999e-01,3.000000000000000000e+00,2.500000000000000000e+01,1.000000000000000000e+00,1.600000000000000000e+01,0.000000000000000000e+00,2.527277000000000044e+03,8.145685999999999760e-01,-8.175750000000000517e-01,-5.364733999999999892e-01,-1.028817999999999920e-02,5.400000000000000000e+01,1.748782000000000114e-02,9.591118000000000166e+02,1.611618999999999968e-01,0.000000000000000000e+00
3.000000000000000000e+01,8.682409000000000654e-02,-4.924039000000000055e-01,8.660253999999999452e-01,3.000000000000000000e+00,2.500000000000000000e+01,1.000000000000000000e+00,2.700000000000000000e+01,0.000000000000000000e+00,2.550565999999999804e+03,8.048678999999999695e-01,8.280364999999999531e-01,-1.176535999999999971e-01,-4.397374000000000005e-01,2.000000000000000000e+01,1.747187000000000046e-02,2.575413000000000011e+03,1.652932000000000012e-01,0.000000000000000000e+00
3.000000000000000000e+01,8.682409000000000654e-02,-4.924039000000000055e-01,8.660253999999999452e-01,3.000000000000000000e+00,2.500000000000000000e+01,1.000000000000000000e+00,2.800000000000000000e+01,0.000000000000000000e+00,2.550547000000000025e+03,8.301275999999999655e-01,8.120905999999999958e-01,1.088982000000000006e-01,-2.334928000000000003e-01,3.700000000000000000e+01,1.747187000000000046e-02,2.618565000000000055e+03,1.654083000000000081e-01,0.000000000000000000e+00
3.000000000000000000e+01,8.682409000000000654e-02,-4.924039000000000055e-01,8.660253999999999452e-01,3.000000000000000000e+00,2.500000000000000000e+01,1.000000000000000000e+00,2.900000000000000000e+01,0.000000000000000000e+00,2.550605000000000018e+03,-8.316008000000000289e-01,-8.108815000000000328e-01,-1.153694999999999998e-01,2.271652999999999867e-01,7.200000000000000000e+01,1.747187000000000046e-02,1.925557000000000016e+03,1.648137000000000074e-01,0.000000000000000000e+00
3.100000000000000000e+01,8.943542000000000158e-02,-5.072134999999999838e-01,8.571672999999999654e-01,3.000000000000000000e+00,2.500000000000000000e+01,1.000000000000000000e+00,3.000000000000000000e+01,0.000000000000000000e+00,2.570347000000000207e+03,-8.186754000000000531e-01,-8.209024999999999794e-01,-2.345354000000000015e-03,3.411438999999999999e-01,8.100000000000000000e+01,1.745626999999999943e-02,1.254452999999999975e+03,1.627124000000000070e-01,0.000000000000000000e+00
3.200000000000000000e+01,9.201950999999999881e-02,-5.218686000000000158e-01,8.480480999999999714e-01,3.000000000000000000e+00,2.500000000000000000e+01,1.000000000000000000e+00,3.200000000000000000e+01,0.000000000000000000e+00,2.589853000000000065e+03,8.170325999999999977e-01,8.192380999999999691e-01,-6.025725000000000005e-03,-3.574617999999999962e-01,2.800000000000000000e+01,1.744102000000000152e-02,1.641866999999999962e+03,1.640733000000000052e-01,0.000000000000000000e+00
3.200000000000000000e+01,9.201950999999999881e-02,-5.218686000000000158e-01,8.480480999999999714e-01,3.000000000000000000e+00,2.500000000000000000e+01,1.000000000000000000e+00,3.000000000000000000e+01,0.000000000000000000e+00,2.589847999999999956e+03,-8.190838999999999759e-01,-8.194941999999999505e-01,-2.345959999999999799e-03,3.503070999999999824e-01,8.100000000000000000e+01,1.744102000000000152e-02,1.612790999999999940e+03,1.645873999999999948e-01,0.000000000000000000e+00
3.300000000000000000e+01,9.457558000000000631e-02,-5.363647000000000276e-01,8.386706000000000438e-01,3.000000000000000000e+00,2.500000000000000000e+01,1.000000000000000000e+00,3.200000000000000000e+01,0.000000000000000000e+00,2.610460000000000036e+03,8.171654000000000417e-01,8.203466999999999842e-01,-5.308257000000000253e-03,-3.671730000000000271e-01,2.700000000000000000e+01,1.742615999999999957e-02,2.252309000000000196e+03,1.663046999999999997e-01,0.000000000000000000e+00
3.300000000000000000e+01,9.457558000000000631e-02,-5.363647000000000276e-01,8.386706000000000438e-01,3.000000000000000000e+00,2.500000000000000000e+01,1.000000000000000000e+00,3.000000000000000000e+01,0.000000000000000000e+00,2.610431999999999789e+03,-8.202384000000000341e-01,-8.211395000000000222e-01,-1.093999000000000013e-02,3.536807000000000145e-01,8.100000000000000000e+01,1.742615999999999957e-02,2.653541999999999916e+03,1.657918999999999921e-01,0.000000000000000000e+00
3.400000000000000000e+01,9.710283000000000109e-02,-5.506974999999999509e-01,8.290376000000000412e-01,3.000000000000000000e+00,2.500000000000000000e+01,1.000000000000000000e+00,3.200000000000000000e+01,0.000000000000000000e+00,2.632351000000000113e+03,8.167520000000000335e-01,8.220754000000000117e-01,-6.264615000000000287e-03,-3.785994999999999777e-01,2.600000000000000000e+01,1.741167999999999882e-02,2.423012999999999920e+03,1.677368999999999943e-01,0.000000000000000000e+00
3.400000000000000000e+01,9.710283000000000109e-02,-5.506974999999999509e-01,8.290376000000000412e-01,3.000000000000000000e+00,2.500000000000000000e+01,1.000000000000000000e+00,3.000000000000000000e+01,0.000000000000000000e+00,2.632250000000000000e+03,-8.210060000000000136e-01,-8.186645999999999646e-01,-1.125204999999999955e-02,3.617862000000000022e-01,8.100000000000000000e+01,1.741167999999999882e-02,3.541713000000000193e+03,1.666333000000000120e-01,0.000000000000000000e+00
3.500000000000000000e+01,9.960049999999999459e-02,-5.648625000000000451e-01,8.191519999999999913e-01,3.000000000000000000e+00,2.500000000000000000e+01,1.000000000000000000e+00,3.200000000000000000e+01,0.000000000000000000e+00,2.655376000000000204e+03,8.168921999999999572e-01,8.200399999999999912e-01,-6.534228999999999905e-03,-3.871994999999999743e-01,2.600000000000000000e+01,1.739761999999999906e-02,4.039813999999999851e+03,1.700541000000000136e-01,0.000000000000000000e+00
3.500000000000000000e+01,9.960049999999999459e-02,-5.648625000000000451e-01,8.191519999999999913e-01,3.000000000000000000e+00,2.500000000000000000e+01,1.000000000000000000e+00,3.000000000000000000e+01,0.000000000000000000e+00,2.655253999999999905e+03,-8.205299999999999816e-01,-8.187006000000000006e-01,-9.481409999999999144e-03,3.729613999999999985e-01,8.200000000000000000e+01,1.739761999999999906e-02,5.127288999999999760e+03,1.692828999999999862e-01,0.000000000000000000e+00
3.600000000000000000e+01,1.020678000000000002e-01,-5.788554999999999673e-01,8.090169999999999861e-01,3.000000000000000000e+00,2.500000000000000000e+01,1.000000000000000000e+00,3.200000000000000000e+01,0.000000000000000000e+00,2.679710000000000036e+03,8.174576000000000064e-01,8.182544999999999957e-01,-5.356841000000000207e-03,-3.945486999999999744e-01,2.600000000000000000e+01,1.738396999999999859e-02,5.876510000000000218e+03,1.708202000000000054e-01,0.000000000000000000e+00
3.600000000000000000e+01,1.020678000000000002e-01,-5.788554999999999673e-01,8.090169999999999861e-01,3.000000000000000000e+00,2.500000000000000000e+01,1.000000000000000000e+00,3.000000000000000000e+01,0.000000000000000000e+00,2.679670999999999822e+03,-8.199551000000000478e-01,-8.188301999999999525e-01,-7.852183000000000426e-03,3.839407000000000236e-01,8.200000000000000000e+01,1.738396999999999859e-02,6.195283000000000357e+03,1.707559999999999911e-01,0.000000000000000000e+00
3.700000000000000000e+01,1.045041000000000025e-01,-5.926721000000000350e-01,7.986355000000000537e-01,3.000000000000000000e+00,2.500000000000000000e+01,1.000000000000000000e+00,3.200000000000000000e+01,0.000000000000000000e+00,2.705443000000000211e+03,8.176202999999999665e-01,8.203956000000000026e-01,-2.897628000000000183e-03,-4.030950999999999840e-01,2.600000000000000000e+01,1.737075999999999898e-02,7.872244999999999891e+03,1.725239000000000078e-01,0.000000000000000000e+00
3.700000000000000000e+01,1.045041000000000025e-01,-5.926721000000000350e-01,7.986355000000000537e-01,3.000000000000000000e+00,2.500000000000000000e+01,1.000000000000000000e+00,3.000000000000000000e+01,0.000000000000000000e+00,2.705467000000000098e+03,-8.195173000000000041e-01,-8.195656000000000052e-01,-5.581174000000000378e-03,3.956334000000000239e-01,8.300000000000000000e+01,1.737075999999999898e-02,7.759756000000000313e+03,1.725048000000000137e-01,0.000000000000000000e+00
3.800000000000000000e+01,1.069085000000000035e-01,-6.063081999999999638e-01,7.880108000000000112e-01,3.000000000000000000e+00,2.500000000000000000e+01,1.000000000000000000e+00,3.200000000000000000e+01,0.000000000000000000e+00,2.732742999999999938e+03,8.174272999999999678e-01,8.207668000000000186e-01,-3.971546000000000277e-03,-4.133773000000000031e-01,2.600000000000000000e+01,1.735799999999999843e-02,1.063078000000000065e+04,1.743346000000000062e-01,0.000000000000000000e+00
3.800000000000000000e+01,1.069085000000000035e-01,-6.063081999999999638e-01,7.880108000000000112e-01,3.000000000000000000e+00,2.500000000000000000e+01,1.000000000000000000e+00,3.000000000000000000e+01,0.000000000000000000e+00,2.732809999999999945e+03,-8.190570000000000350e-01,-8.195609999999999840e-01,-4.437645999999999952e-03,4.058455000000000257e-01,8.300000000000000000e+01,1.735799999999999843e-02,9.746066000000000713e+03,1.740367999999999915e-01,0.000000000000000000e+00
3.900000000000000000e+01,1.092802999999999969e-01,-6.197595999999999661e-01,7.771460000000000035e-01,3.000000000000000000e+00,2.500000000000000000e+01,1.000000000000000000e+00,3.200000000000000000e+01,0.000000000000000000e+00,2.762052999999999884e+03,8.187687999999999633e-01,8.191439000000000359e-01,-4.475269999999999943e-03,-4.216749000000000192e-01,2.500000000000000000e+01,1.612983000000000125e-02,1.113213999999999942e+04,1.762029999999999985e-01,0.000000000000000000e+00
3.900000000000000000e+01,1.092802999999999969e-01,-6.197595999999999661e-01,7.771460000000000035e-01,3.000000000000000000e+00,2.500000000000000000e+01,1.000000000000000000e+00,3.000000000000000000e+01,0.000000000000000000e+00,2.762021000000000186e+03,-8.210132999999999459e-01,-8.159174999999999622e-01,-3.085062999999999868e-03,4.135545999999999944e-01,8.300000000000000000e+01,1.612983000000000125e-02,1.129420999999999913e+04,1.767201999999999940e-01,0.000000000000000000e+00
4.000000000000000000e+01,1.116188999999999931e-01,-6.330221999999999793e-01,7.660443999999999587e-01,3.000000000000000000e+00,2.500000000000000000e+01,1.000000000000000000e+00,3.200000000000000000e+01,0.000000000000000000e+00,2.792793000000000120e+03,8.209144999999999914e-01,8.191707000000000294e-01,-3.739236999999999856e-03,-4.297881000000000062e-01,2.500000000000000000e+01,1.579188999999999940e-02,1.326737999999999920e+04,1.782141999999999893e-01,0.000000000000000000e+00
4.000000000000000000e+01,1.116188999999999931e-01,-6.330221999999999793e-01,7.660443999999999587e-01,3.000000000000000000e+00,2.500000000000000000e+01,1.000000000000000000e+00,3.000000000000000000e+01,0.000000000000000000e+00,2.792927999999999884e+03,-8.191593000000000346e-01,-8.178280999999999468e-01,-4.016651999999999896e-03,4.231927999999999801e-01,8.300000000000000000e+01,1.579188999999999940e-02,1.248522999999999956e+04,1.795491999999999921e-01,0.000000000000000000e+00
4.100000000000000000e+01,1.139234999999999970e-01,-6.460919999999999996e-01,7.547095999999999805e-01,3.000000000000000000e+00,2.500000000000000000e+01,1.000000000000000000e+00,3.200000000000000000e+01,0.000000000000000000e+00,2.825635999999999967e+03,8.196900000000000297e-01,8.178081999999999852e-01,-5.544061000000000301e-03,-4.391816000000000053e-01,2.500000000000000000e+01,1.547244000000000050e-02,1.440080999999999949e+04,1.821474999999999900e-01,0.000000000000000000e+00
4.100000000000000000e+01,1.139234999999999970e-01,-6.460919999999999996e-01,7.547095999999999805e-01,3.000000000000000000e+00,2.500000000000000000e+01,1.000000000000000000e+00,3.000000000000000000e+01,0.000000000000000000e+00,2.825523000000000138e+03,-8.205417999999999878e-01,-8.185725999999999836e-01,-5.539859000000000276e-03,4.312133000000000216e-01,8.400000000000000000e+01,1.547244000000000050e-02,1.517018000000000029e+04,1.813832999999999973e-01,0.000000000000000000e+00
4.200000000000000000e+01,1.161932999999999994e-01,-6.589650000000000230e-01,7.431448000000000498e-01,3.000000000000000000e+00,2.500000000000000000e+01,1.000000000000000000e+00,3.200000000000000000e+01,0.000000000000000000e+00,2.860262999999999920e+03,8.178581000000000323e-01,8.197217999999999449e-01,-3.514905000000000026e-03,-4.477504999999999957e-01,2.500000000000000000e+01,1.517018000000000012e-02,1.695561999999999898e+04,1.846405000000000129e-01,0.000000000000000000e+00
4.200000000000000000e+01,1.161932999999999994e-01,-6.589650000000000230e-01,7.431448000000000498e-01,3.000000000000000000e+00,2.500000000000000000e+01,1.000000000000000000e+00,3.000000000000000000e+01,0.000000000000000000e+00,2.860262000000000171e+03,-8.189167000000000529e-01,-8.186423999999999923e-01,-5.612151999999999592e-03,4.401334000000000080e-01,8.400000000000000000e+01,1.517018000000000012e-02,1.709941999999999825e+04,1.842864999999999920e-01,0.000000000000000000e+00
4.300000000000000000e+01,1.184277999999999997e-01,-6.716372999999999927e-01,7.313536999999999955e-01,3.000000000000000000e+00,2.500000000000000000e+01,1.000000000000000000e+00,3.200000000000000000e+01,0.000000000000000000e+00,2.897262999999999920e+03,8.196463000000000498e-01,8.184641000000000277e-01,-4.704156000000000136e-03,-4.560825000000000018e-01,2.500000000000000000e+01,1.488394999999999996e-02,1.878666999999999825e+04,1.863537000000000110e-01,0.000000000000000000e+00
4.300000000000000000e+01,1.184277999999999997e-01,-6.716372999999999927e-01,7.313536999999999955e-01,3.000000000000000000e+00,2.500000000000000000e+01,1.000000000000000000e+00,3.000000000000000000e+01,0.000000000000000000e+00,2.897137000000000171e+03,-8.196124999999999661e-01,-8.173221999999999987e-01,-3.903509999999999792e-03,4.490242999999999873e-01,8.400000000000000000e+01,1.488394999999999996e-02,1.950699000000000160e+04,1.857843000000000133e-01,0.000000000000000000e+00
4.400000000000000000e+01,1.206262000000000029e-01,-6.841049000000000158e-01,7.193397999999999737e-01,3.000000000000000000e+00,2.500000000000000000e+01,1.000000000000000000e+00,3.200000000000000000e+01,0.000000000000000000e+00,2.935898999999999887e+03,8.177866999999999775e-01,8.194261000000000461e-01,-3.263656000000000196e-03,-4.642745999999999817e-01,2.500000000000000000e+01,1.729148999999999964e-02,2.142525000000000000e+04,1.895036999999999972e-01,0.000000000000000000e+00
4.400000000000000000e+01,1.206262000000000029e-01,-6.841049000000000158e-01,7.193397999999999737e-01,3.000000000000000000e+00,2.500000000000000000e+01,1.000000000000000000e+00,3.000000000000000000e+01,0.000000000000000000e+00,2.935896000000000186e+03,-8.189075999999999578e-01,-8.196991000000000138e-01,-6.652721999999999802e-03,4.571929000000000132e-01,8.400000000000000000e+01,1.729148999999999964e-02,2.172722000000000116e+04,1.897774999999999879e-01,0.000000000000000000e+00
4.500000000000000000e+01,1.227878000000000025e-01,-6.963641999999999888e-01,7.071068000000000353e-01,3.000000000000000000e+00,2.500000000000000000e+01,1.000000000000000000e+00,3.200000000000000000e+01,0.000000000000000000e+00,2.977577999999999975e+03,8.177138999999999935e-01,8.191861000000000281e-01,-4.037655000000000237e-03,-4.729016999999999804e-01,2.500000000000000000e+01,1.728218000000000115e-02,2.474281000000000131e+04,1.927144000000000079e-01,0.000000000000000000e+00
4.500000000000000000e+01,1.227878000000000025e-01,-6.963641999999999888e-01,7.071068000000000353e-01,3.000000000000000000e+00,2.500000000000000000e+01,1.000000000000000000e+00,3.000000000000000000e+01,0.000000000000000000e+00,2.977590999999999894e+03,-8.190792999999999546e-01,-8.207571999999999646e-01,-7.313800999999999983e-03,4.658013999999999766e-01,8.400000000000000000e+01,1.728218000000000115e-02,2.462379999999999927e+04,1.931138000000000021e-01,0.000000000000000000e+00
4.600000000000000000e+01,1.249119999999999953e-01,-7.084114000000000244e-01,6.946584000000000092e-01,3.000000000000000000e+00,2.500000000000000000e+01,1.000000000000000000e+00,3.200000000000000000e+01,0.000000000000000000e+00,3.022025999999999840e+03,8.177647999999999584e-01,8.201768000000000391e-01,-3.353094999999999947e-03,-4.812031999999999976e-01,2.500000000000000000e+01,1.727340999999999946e-02,2.811643000000000029e+04,1.965056000000000025e-01,0.000000000000000000e+00
4.600000000000000000e+01,1.249119999999999953e-01,-7.084114000000000244e-01,6.946584000000000092e-01,3.000000000000000000e+00,2.500000000000000000e+01,1.000000000000000000e+00,3.000000000000000000e+01,0.000000000000000000e+00,3.022253000000000156e+03,-8.189954999999999874e-01,-8.195021000000000111e-01,-5.665363999999999990e-03,4.743067000000000255e-01,8.400000000000000000e+01,1.727340999999999946e-02,2.719754999999999927e+04,1.937257000000000007e-01,0.000000000000000000e+00
4.700000000000000000e+01,1.269982000000000055e-01,-7.202427999999999608e-01,6.819984000000000046e-01,3.000000000000000000e+00,2.500000000000000000e+01,1.000000000000000000e+00,3.200000000000000000e+01,0.000000000000000000e+00,3.069684999999999945e+03,8.185063000000000200e-01,8.191637999999999975e-01,-4.128213999999999842e-03,-4.888634000000000035e-01,2.500000000000000000e+01,1.726518000000000150e-02,3.082902000000000044e+04,1.981983999999999968e-01,0.000000000000000000e+00
4.700000000000000000e+01,1.269982000000000055e-01,-7.202427999999999608e-01,6.819984000000000046e-01,3.000000000000000000e+00,2.500000000000000000e+01,1.000000000000000000e+00,3.000000000000000000e+01,0.000000000000000000e+00,3.069623000000000047e+03,-8.187828000000000328e-01,-8.179341999999999446e-01,-4.713545000000000408e-03,4.819126000000000243e-01,8.400000000000000000e+01,1.726518000000000150e-02,3.087259000000000015e+04,2.005348999999999882e-01,0.000000000000000000e+00
4.800000000000000000e+01,1.290457000000000132e-01,-7.318548000000000275e-01,6.691306000000000198e-01,3.000000000000000000e+00,2.500000000000000000e+01,1.000000000000000000e+00,3.200000000000000000e+01,0.000000000000000000e+00,3.121224999999999909e+03,8.172618999999999856e-01,8.192791999999999852e-01,-3.713653999999999827e-03,-4.966141000000000028e-01,2.500000000000000000e+01,1.375409000000000007e-02,3.457986000000000058e+04,2.039436000000000027e-01,0.000000000000000000e+00
4.800000000000000000e+01,1.290457000000000132e-01,-7.318548000000000275e-01,6.691306000000000198e-01,3.000000000000000000e+00,2.500000000000000000e+01,1.000000000000000000e+00,3.000000000000000000e+01,0.000000000000000000e+00,3.121242000000000189e+03,-8.217592999999999703e-01,-8.186073000000000377e-01,-4.996580999999999939e-03,4.897137999999999769e-01,8.400000000000000000e+01,1.375409000000000007e-02,3.456800000000000000e+04,2.039285999999999877e-01,0.000000000000000000e+00
4.900000000000000000e+01,1.310539000000000009e-01,-7.432438000000000100e-01,6.560589999999999478e-01,3.000000000000000000e+00,2.500000000000000000e+01,1.000000000000000000e+00,3.200000000000000000e+01,0.000000000000000000e+00,3.175844000000000051e+03,8.196554999999999813e-01,8.181878000000000206e-01,-5.245154999999999609e-03,-5.041350999999999472e-01,2.500000000000000000e+01,1.353972999999999982e-02,3.849509999999999854e+04,2.087825000000000097e-01,0.000000000000000000e+00
4.900000000000000000e+01,1.310539000000000009e-01,-7.432438000000000100e-01,6.560589999999999478e-01,3.000000000000000000e+00,2.500000000000000000e+01,1.000000000000000000e+00,3.000000000000000000e+01,0.000000000000000000e+00,3.175809999999999945e+03,-8.198033000000000126e-01,-8.175793000000000088e-01,-4.257211000000000328e-03,4.974294000000000215e-01,8.400000000000000000e+01,1.353972999999999982e-02,3.867405000000000291e+04,2.088697999999999944e-01,0.000000000000000000e+00
5.000000000000000000e+01,1.330222000000000071e-01,-7.544064999999999799e-01,6.427876000000000145e-01,3.000000000000000000e+00,2.500000000000000000e+01,1.000000000000000000e+00,3.200000000000000000e+01,0.000000000000000000e+00,3.234481000000000222e+03,8.194816999999999796e-01,8.178463999999999734e-01,-5.516804000000000152e-03,-5.115254999999999663e-01,2.500000000000000000e+01,1.333585999999999973e-02,4.291850000000000000e+04,2.136241999999999863e-01,0.000000000000000000e+00
5.000000000000000000e+01,1.330222000000000071e-01,-7.544064999999999799e-01,6.427876000000000145e-01,3.000000000000000000e+00,2.500000000000000000e+01,1.000000000000000000e+00,3.000000000000000000e+01,0.000000000000000000e+00,3.234523000000000138e+03,-8.203960000000000141e-01,-8.174770000000000092e-01,-3.718410000000000118e-03,5.051889999999999992e-01,8.300000000000000000e+01,1.333585999999999973e-02,4.300826999999999680e+04,2.138118999999999992e-01,0.000000000000000000e+00
5.100000000000000000e+01,1.349499999999999866e-01,-7.653394000000000030e-01,6.293204000000000020e-01,3.000000000000000000e+00,2.500000000000000000e+01,1.000000000000000000e+00,3.200000000000000000e+01,0.000000000000000000e+00,3.297693999999999960e+03,8.196185999999999749e-01,8.174592999999999998e-01,-5.821729000000000313e-03,-5.186899999999999844e-01,2.500000000000000000e+01,1.314188999999999982e-02,4.797630999999999767e+04,2.189591999999999927e-01,0.000000000000000000e+00
5.100000000000000000e+01,1.349499999999999866e-01,-7.653394000000000030e-01,6.293204000000000020e-01,3.000000000000000000e+00,2.500000000000000000e+01,1.000000000000000000e+00,3.000000000000000000e+01,0.000000000000000000e+00,3.297702999999999975e+03,-8.183139000000000385e-01,-8.191910000000000025e-01,-6.125598999999999801e-03,5.126726999999999812e-01,8.300000000000000000e+01,1.314188999999999982e-02,4.778327999999999884e+04,2.186674999999999869e-01,0.000000000000000000e+00
5.200000000000000000e+01,1.368366000000000027e-01,-7.760390999999999817e-01,6.156614999999999727e-01,3.000000000000000000e+00,2.500000000000000000e+01,1.000000000000000000e+00,3.200000000000000000e+01,0.000000000000000000e+00,3.365922000000000025e+03,8.200191999999999481e-01,8.176303999999999794e-01,-6.459994999999999626e-03,-5.262816999999999634e-01,2.600000000000000000e+01,1.288159000000000005e-02,5.327211000000000058e+04,2.243506999999999862e-01,0.000000000000000000e+00
5.200000000000000000e+01,1.368366000000000027e-01,-7.760390999999999817e-01,6.156614999999999727e-01,3.000000000000000000e+00,2.500000000000000000e+01,1.000000000000000000e+00,3.300000000000000000e+01,0.000000000000000000e+00,3.364090999999999894e+03,-8.186493999999999716e-01,8.184038999999999620e-01,5.051934000000000147e-01,-4.361065000000000080e-01,3.100000000000000000e+01,1.288159000000000005e-02,5.454562999999999738e+04,2.249545000000000017e-01,0.000000000000000000e+00
5.200000000000000000e+01,1.368366000000000027e-01,-7.760390999999999817e-01,6.156614999999999727e-01,3.000000000000000000e+00,2.500000000000000000e+01,1.000000000000000000e+00,3.000000000000000000e+01,0.000000000000000000e+00,3.365985999999999876e+03,-8.202928000000000441e-01,-8.174567999999999834e-01,-3.873454000000000133e-03,5.197475999999999763e-01,8.300000000000000000e+01,1.288159000000000005e-02,5.272655000000000291e+04,2.239084000000000074e-01,0.000000000000000000e+00
5.200000000000000000e+01,1.368366000000000027e-01,-7.760390999999999817e-01,6.156614999999999727e-01,3.000000000000000000e+00,2.500000000000000000e+01,1.000000000000000000e+00,3.100000000000000000e+01,0.000000000000000000e+00,3.363942000000000007e+03,8.187843000000000204e-01,-8.179081000000000268e-01,-5.044129000000000529e-01,4.362208000000000196e-01,7.800000000000000000e+01,1.288159000000000005e-02,5.508834999999999854e+04,2.254742000000000135e-01,0.000000000000000000e+00
5.300000000000000000e+01,1.386815999999999882e-01,-7.865024000000000459e-01,6.018149999999999888e-01,3.000000000000000000e+00,2.500000000000000000e+01,1.000000000000000000e+00,3.200000000000000000e+01,0.000000000000000000e+00,3.439918000000000120e+03,8.206476000000000326e-01,8.167839999999999545e-01,-7.460078000000000195e-03,-5.330835000000000434e-01,2.600000000000000000e+01,1.271021999999999950e-02,5.804047000000000116e+04,2.305540000000000089e-01,0.000000000000000000e+00
5.300000000000000000e+01,1.386815999999999882e-01,-7.865024000000000459e-01,6.018149999999999888e-01,3.000000000000000000e+00,2.500000000000000000e+01,1.000000000000000000e+00,3.300000000000000000e+01,0.000000000000000000e+00,3.438884000000000015e+03,-8.200007000000000268e-01,8.196664999999999646e-01,5.078169000000000155e-01,-4.527768999999999822e-01,3.000000000000000000e+01,1.271021999999999950e-02,5.948905999999999767e+04,2.308303999999999911e-01,0.000000000000000000e+00
5.300000000000000000e+01,1.386815999999999882e-01,-7.865024000000000459e-01,6.018149999999999888e-01,3.000000000000000000e+00,2.500000000000000000e+01,1.000000000000000000e+00,3.000000000000000000e+01,0.000000000000000000e+00,3.439996999999999844e+03,-8.189558999999999589e-01,-8.165225999999999873e-01,-3.101758000000000032e-03,5.267562000000000078e-01,8.300000000000000000e+01,1.271021999999999950e-02,5.788811000000000058e+04,2.307600999999999958e-01,0.000000000000000000e+00
5.300000000000000000e+01,1.386815999999999882e-01,-7.865024000000000459e-01,6.018149999999999888e-01,3.000000000000000000e+00,2.500000000000000000e+01,1.000000000000000000e+00,3.100000000000000000e+01,0.000000000000000000e+00,3.438844000000000051e+03,8.192207000000000239e-01,-8.175668999999999853e-01,-5.047797000000000534e-01,4.528452000000000033e-01,7.900000000000000000e+01,1.271021999999999950e-02,5.972200000000000000e+04,2.306111000000000133e-01,0.000000000000000000e+00
5.400000000000000000e+01,1.404843000000000064e-01,-7.967262000000000510e-01,5.877852999999999550e-01,3.000000000000000000e+00,2.500000000000000000e+01,1.000000000000000000e+00,3.200000000000000000e+01,0.000000000000000000e+00,3.520246000000000095e+03,8.192070000000000185e-01,8.172141000000000544e-01,-6.163623000000000018e-03,-5.396330999999999767e-01,2.600000000000000000e+01,1.254712000000000015e-02,6.346554000000000087e+04,2.377197000000000060e-01,0.000000000000000000e+00
5.400000000000000000e+01,1.404843000000000064e-01,-7.967262000000000510e-01,5.877852999999999550e-01,3.000000000000000000e+00,2.500000000000000000e+01,1.000000000000000000e+00,3.300000000000000000e+01,0.000000000000000000e+00,3.520211999999999989e+03,-8.191376999999999686e-01,8.200018999999999503e-01,5.076631000000000338e-01,-4.699961000000000277e-01,3.000000000000000000e+01,1.254712000000000015e-02,6.442794000000000233e+04,2.379760999999999960e-01,0.000000000000000000e+00
5.400000000000000000e+01,1.404843000000000064e-01,-7.967262000000000510e-01,5.877852999999999550e-01,3.000000000000000000e+00,2.500000000000000000e+01,1.000000000000000000e+00,3.000000000000000000e+01,0.000000000000000000e+00,3.520221000000000004e+03,-8.190361000000000447e-01,-8.172230999999999801e-01,-2.752199999999999785e-03,5.344236999999999460e-01,8.200000000000000000e+01,1.254712000000000015e-02,6.394833000000000175e+04,2.379794000000000076e-01,0.000000000000000000e+00
5.400000000000000000e+01,1.404843000000000064e-01,-7.967262000000000510e-01,5.877852999999999550e-01,3.000000000000000000e+00,2.500000000000000000e+01,1.000000000000000000e+00,3.100000000000000000e+01,0.000000000000000000e+00,3.520201000000000022e+03,8.194236000000000297e-01,-8.197269999999999834e-01,-5.072856000000000032e-01,4.700391999999999904e-01,7.900000000000000000e+01,1.254712000000000015e-02,6.447223999999999796e+04,2.378870999999999902e-01,0.000000000000000000e+00
5.500000000000000000e+01,1.422442999999999902e-01,-8.067073000000000160e-01,5.735763999999999863e-01,3.000000000000000000e+00,2.500000000000000000e+01,1.000000000000000000e+00,3.200000000000000000e+01,0.000000000000000000e+00,3.607739999999999782e+03,8.185029999999999806e-01,8.181990999999999570e-01,-6.034572999999999673e-03,-5.470810999999999868e-01,2.700000000000000000e+01,1.239187999999999922e-02,6.943391999999999825e+04,2.444726000000000121e-01,0.000000000000000000e+00
5.500000000000000000e+01,1.422442999999999902e-01,-8.067073000000000160e-01,5.735763999999999863e-01,3.000000000000000000e+00,2.500000000000000000e+01,1.000000000000000000e+00,3.300000000000000000e+01,0.000000000000000000e+00,3.608824999999999818e+03,-8.199712000000000112e-01,8.190009999999999790e-01,5.056819999999999649e-01,-4.872830000000000217e-01,3.000000000000000000e+01,1.239187999999999922e-02,6.984388999999999942e+04,2.449327000000000032e-01,0.000000000000000000e+00
5.500000000000000000e+01,1.422442999999999902e-01,-8.067073000000000160e-01,5.735763999999999863e-01,3.000000000000000000e+00,2.500000000000000000e+01,1.000000000000000000e+00,3.000000000000000000e+01,0.000000000000000000e+00,3.607987999999999829e+03,-8.195462000000000025e-01,-8.182766999999999680e-01,-4.538450999999999770e-03,5.409308999999999923e-01,8.200000000000000000e+01,1.239187999999999922e-02,6.774447000000000116e+04,2.422571000000000030e-01,0.000000000000000000e+00
5.500000000000000000e+01,1.422442999999999902e-01,-8.067073000000000160e-01,5.735763999999999863e-01,3.000000000000000000e+00,2.500000000000000000e+01,1.000000000000000000e+00,3.100000000000000000e+01,0.000000000000000000e+00,3.608891999999999825e+03,8.184947000000000195e-01,-8.184894999999999810e-01,-5.047540000000000360e-01,4.871925999999999757e-01,7.900000000000000000e+01,1.239187999999999922e-02,6.946661999999999534e+04,2.445103000000000137e-01,0.000000000000000000e+00
5.600000000000000000e+01,1.439609000000000028e-01,-8.164426000000000183e-01,5.591928999999999927e-01,3.000000000000000000e+00,2.500000000000000000e+01,1.000000000000000000e+00,3.200000000000000000e+01,0.000000000000000000e+00,3.703762999999999920e+03,8.183886999999999690e-01,8.195845000000000491e-01,-3.216695999999999792e-03,-5.531264999999999654e-01,2.700000000000000000e+01,1.224412000000000070e-02,7.141502000000000407e+04,2.494550000000000101e-01,0.000000000000000000e+00
5.600000000000000000e+01,1.439609000000000028e-01,-8.164426000000000183e-01,5.591928999999999927e-01,3.000000000000000000e+00,2.500000000000000000e+01,1.000000000000000000e+00,3.300000000000000000e+01,0.000000000000000000e+00,3.705864999999999782e+03,-8.188649999999999540e-01,8.180920000000000414e-01,5.063596000000000208e-01,-5.026570000000000205e-01,2.900000000000000000e+01,1.224412000000000070e-02,7.307713999999999942e+04,2.549487999999999754e-01,0.000000000000000000e+00
5.600000000000000000e+01,1.439609000000000028e-01,-8.164426000000000183e-01,5.591928999999999927e-01,3.000000000000000000e+00,2.500000000000000000e+01,1.000000000000000000e+00,3.000000000000000000e+01,0.000000000000000000e+00,3.703766999999999825e+03,-8.197917999999999594e-01,-8.186514000000000291e-01,-6.034514000000000371e-03,5.469895000000000174e-01,8.200000000000000000e+01,1.224412000000000070e-02,7.157644000000000233e+04,2.526846999999999843e-01,0.000000000000000000e+00
5.600000000000000000e+01,1.439609000000000028e-01,-8.164426000000000183e-01,5.591928999999999927e-01,3.000000000000000000e+00,2.500000000000000000e+01,1.000000000000000000e+00,3.100000000000000000e+01,0.000000000000000000e+00,3.705809000000000196e+03,8.188531999999999478e-01,-8.178275000000000405e-01,-5.062202000000000091e-01,5.025172999999999446e-01,8.000000000000000000e+01,1.224412000000000070e-02,7.327857000000000698e+04,2.541213999999999973e-01,0.000000000000000000e+00
5.700000000000000000e+01,1.456336000000000019e-01,-8.259292999999999774e-01,5.446389999999999842e-01,3.000000000000000000e+00,2.500000000000000000e+01,1.000000000000000000e+00,3.300000000000000000e+01,0.000000000000000000e+00,3.811960000000000036e+03,-8.206082000000000098e-01,8.180891000000000135e-01,5.042782999999999571e-01,-5.205423000000000133e-01,2.900000000000000000e+01,1.210347999999999979e-02,7.544425999999999476e+04,2.623730000000000229e-01,0.000000000000000000e+00
5.700000000000000000e+01,1.456336000000000019e-01,-8.259292999999999774e-01,5.446389999999999842e-01,3.000000000000000000e+00,2.500000000000000000e+01,1.000000000000000000e+00,3.100000000000000000e+01,0.000000000000000000e+00,3.812036999999999807e+03,8.192279999999999562e-01,-8.176913999999999572e-01,-5.032554999999999668e-01,5.205699000000000298e-01,8.000000000000000000e+01,1.210347999999999979e-02,7.496761000000000058e+04,2.627324999999999799e-01,0.000000000000000000e+00
5.800000000000000000e+01,1.472620000000000040e-01,-8.351642999999999706e-01,5.299192999999999820e-01,3.000000000000000000e+00,2.500000000000000000e+01,1.000000000000000000e+00,3.300000000000000000e+01,0.000000000000000000e+00,3.928552999999999884e+03,-8.191201999999999650e-01,8.178121999999999892e-01,5.026521999999999935e-01,-5.372677999999999621e-01,2.800000000000000000e+01,1.196964000000000014e-02,7.402891999999999825e+04,2.724923000000000206e-01,0.000000000000000000e+00
5.800000000000000000e+01,1.472620000000000040e-01,-8.351642999999999706e-01,5.299192999999999820e-01,3.000000000000000000e+00,2.500000000000000000e+01,1.000000000000000000e+00,3.100000000000000000e+01,0.000000000000000000e+00,3.928585000000000036e+03,8.193202000000000540e-01,-8.175084000000000239e-01,-5.022969000000000461e-01,5.372318999999999845e-01,8.100000000000000000e+01,1.196964000000000014e-02,7.392325000000000000e+04,2.720013000000000014e-01,0.000000000000000000e+00
5.900000000000000000e+01,1.488454999999999917e-01,-8.441450000000000342e-01,5.150381000000000542e-01,3.000000000000000000e+00,2.500000000000000000e+01,1.000000000000000000e+00,3.200000000000000000e+01,0.000000000000000000e+00,4.050338999999999942e+03,8.200328999999999535e-01,8.179901000000000533e-01,-6.993433000000000288e-03,-5.720458999999999961e-01,2.600000000000000000e+01,1.184230000000000005e-02,7.229630000000000291e+04,2.800772000000000261e-01,0.000000000000000000e+00
5.900000000000000000e+01,1.488454999999999917e-01,-8.441450000000000342e-01,5.150381000000000542e-01,3.000000000000000000e+00,2.500000000000000000e+01,1.000000000000000000e+00,3.000000000000000000e+01,0.000000000000000000e+00,4.050512000000000171e+03,-8.196014999999999828e-01,-8.175392999999999688e-01,-3.460068000000000171e-03,5.663456000000000046e-01,8.300000000000000000e+01,1.184230000000000005e-02,7.113727000000000407e+04,2.785988999999999827e-01,0.000000000000000000e+00
6.000000000000000000e+01,1.503837000000000090e-01,-8.528685000000000294e-01,5.000000000000000000e-01,3.000000000000000000e+00,2.500000000000000000e+01,1.000000000000000000e+00,3.200000000000000000e+01,0.000000000000000000e+00,4.189057999999999993e+03,8.196434000000000220e-01,8.190370999999999624e-01,-2.709149000000000106e-03,-5.766244999999999843e-01,2.500000000000000000e+01,1.172116999999999951e-02,6.612971000000000640e+04,2.920198999999999989e-01,0.000000000000000000e+00
6.000000000000000000e+01,1.503837000000000090e-01,-8.528685000000000294e-01,5.000000000000000000e-01,3.000000000000000000e+00,2.500000000000000000e+01,1.000000000000000000e+00,3.000000000000000000e+01,0.000000000000000000e+00,4.189009000000000015e+03,-8.194730999999999543e-01,-8.187794000000000461e-01,-4.314923000000000022e-03,5.729182999999999915e-01,8.300000000000000000e+01,1.172116999999999951e-02,6.693655000000000291e+04,2.923736000000000113e-01,0.000000000000000000e+00
6.100000000000000000e+01,1.518761000000000139e-01,-8.613323000000000507e-01,4.848096000000000072e-01,3.000000000000000000e+00,2.500000000000000000e+01,1.000000000000000000e+00,3.200000000000000000e+01,0.000000000000000000e+00,4.340903000000000247e+03,8.178315000000000445e-01,8.168419000000000096e-01,-7.386399000000000090e-03,-5.829442000000000235e-01,2.500000000000000000e+01,1.160599000000000006e-02,5.579488999999999942e+04,3.047153000000000223e-01,0.000000000000000000e+00
6.100000000000000000e+01,1.518761000000000139e-01,-8.613323000000000507e-01,4.848096000000000072e-01,3.000000000000000000e+00,2.500000000000000000e+01,1.000000000000000000e+00,3.000000000000000000e+01,0.000000000000000000e+00,4.340859000000000378e+03,-8.192523999999999917e-01,-8.167630000000000168e-01,-2.711218000000000048e-03,5.777649999999999730e-01,8.400000000000000000e+01,1.160599000000000006e-02,5.593766000000000349e+04,3.040936000000000194e-01,0.000000000000000000e+00
6.200000000000000000e+01,1.533221999999999918e-01,-8.695336000000000176e-01,4.694715999999999889e-01,3.000000000000000000e+00,2.500000000000000000e+01,1.000000000000000000e+00,3.200000000000000000e+01,0.000000000000000000e+00,4.506287999999999556e+03,8.191521999999999970e-01,8.193257999999999930e-01,-3.018279999999999921e-03,-5.882541000000000020e-01,2.500000000000000000e+01,1.149652999999999960e-02,4.272491999999999825e+04,3.206294000000000088e-01,0.000000000000000000e+00
6.200000000000000000e+01,1.533221999999999918e-01,-8.695336000000000176e-01,4.694715999999999889e-01,3.000000000000000000e+00,2.500000000000000000e+01,1.000000000000000000e+00,3.000000000000000000e+01,0.000000000000000000e+00,4.506132999999999811e+03,-8.184337999999999891e-01,-8.179644000000000359e-01,-4.344085999999999607e-03,5.837240999999999680e-01,8.400000000000000000e+01,1.149652999999999960e-02,4.339095999999999913e+04,3.210545000000000204e-01,0.000000000000000000e+00
6.300000000000000000e+01,1.547216999999999898e-01,-8.774701000000000306e-01,4.539905000000000190e-01,3.000000000000000000e+00,2.500000000000000000e+01,1.000000000000000000e+00,3.200000000000000000e+01,0.000000000000000000e+00,4.685198000000000320e+03,8.175284999999999913e-01,8.164097999999999633e-01,-8.148626000000000827e-03,-5.935852999999999824e-01,2.400000000000000000e+01,1.139253999999999961e-02,2.871636000000000058e+04,3.372400999999999871e-01,0.000000000000000000e+00
6.300000000000000000e+01,1.547216999999999898e-01,-8.774701000000000306e-01,4.539905000000000190e-01,3.000000000000000000e+00,2.500000000000000000e+01,1.000000000000000000e+00,3.000000000000000000e+01,0.000000000000000000e+00,4.685331000000000131e+03,-8.176584999999999548e-01,-8.164181000000000354e-01,-1.162627999999999969e-03,5.893452000000000135e-01,8.500000000000000000e+01,1.139253999999999961e-02,2.822831000000000131e+04,3.350363000000000091e-01,0.000000000000000000e+00
6.400000000000000000e+01,1.560738999999999876e-01,-8.851392999999999622e-01,4.383711000000000135e-01,3.000000000000000000e+00,2.500000000000000000e+01,1.000000000000000000e+00,3.200000000000000000e+01,0.000000000000000000e+00,4.878323999999999614e+03,8.174335000000000351e-01,8.185624999999999707e-01,-2.257440999999999788e-03,-5.979514000000000218e-01,2.400000000000000000e+01,1.129383999999999943e-02,1.329421999999999935e+04,3.474384999999999835e-01,0.000000000000000000e+00
6.400000000000000000e+01,1.560738999999999876e-01,-8.851392999999999622e-01,4.383711000000000135e-01,3.000000000000000000e+00,2.500000000000000000e+01,1.000000000000000000e+00,3.000000000000000000e+01,0.000000000000000000e+00,4.878307999999999993e+03,-8.201564000000000076e-01,-8.185784000000000393e-01,-5.664276999999999680e-03,5.940678000000000347e-01,8.500000000000000000e+01,1.129383999999999943e-02,1.341706999999999971e+04,3.465581999999999829e-01,0.000000000000000000e+00
6.600000000000000000e+01,1.586355000000000126e-01,-8.996665999999999830e-01,4.067366000000000037e-01,3.000000000000000000e+00,2.500000000000000000e+01,1.000000000000000000e+00,6.600000000000000000e+01,0.000000000000000000e+00,5.307270999999999731e+03,8.182118999999999920e-01,8.179478000000000026e-01,-3.024441000000000108e-03,-6.073131000000000501e-01,2.300000000000000000e+01,1.111147000000000003e-02,-1.313029999999999927e+04,3.657479000000000147e-01,0.000000000000000000e+00
6.600000000000000000e+01,1.586355000000000126e-01,-8.996665999999999830e-01,4.067366000000000037e-01,3.000000000000000000e+00,2.500000000000000000e+01,1.000000000000000000e+00,6.900000000000000000e+01,0.000000000000000000e+00,5.307524999999999636e+03,-8.197326999999999808e-01,-8.189870999999999679e-01,-1.408323000000000040e-02,6.010484999999999856e-01,8.600000000000000000e+01,1.111147000000000003e-02,-1.568339999999999964e+04,3.645529000000000130e-01,0.000000000000000000e+00
6.700000000000000000e+01,1.598440000000000139e-01,-9.065202999999999456e-01,3.907310999999999979e-01,3.000000000000000000e+00,2.500000000000000000e+01,1.000000000000000000e+00,6.600000000000000000e+01,0.000000000000000000e+00,5.544037999999999556e+03,8.191429999999999545e-01,8.178166999999999520e-01,-6.962224999999999837e-03,-6.131526999999999950e-01,2.300000000000000000e+01,1.102745999999999935e-02,-2.063615999999999985e+04,3.854044999999999832e-01,0.000000000000000000e+00
6.700000000000000000e+01,1.598440000000000139e-01,-9.065202999999999456e-01,3.907310999999999979e-01,3.000000000000000000e+00,2.500000000000000000e+01,1.000000000000000000e+00,6.900000000000000000e+01,0.000000000000000000e+00,5.544074999999999818e+03,-8.193778999999999924e-01,-8.178708999999999563e-01,-5.116151999999999679e-03,6.084448999999999552e-01,8.600000000000000000e+01,1.102745999999999935e-02,-2.078156999999999971e+04,3.850072999999999968e-01,0.000000000000000000e+00
6.800000000000000000e+01,1.610038000000000025e-01,-9.130977999999999595e-01,3.746066000000000118e-01,3.000000000000000000e+00,2.500000000000000000e+01,1.000000000000000000e+00,6.600000000000000000e+01,0.000000000000000000e+00,5.797622999999999593e+03,8.181574000000000346e-01,8.186413000000000162e-01,-1.118469000000000060e-02,-6.199630000000000418e-01,2.300000000000000000e+01,1.094801999999999928e-02,-2.381224000000000160e+04,3.991355999999999793e-01,0.000000000000000000e+00
6.800000000000000000e+01,1.610038000000000025e-01,-9.130977999999999595e-01,3.746066000000000118e-01,3.000000000000000000e+00,2.500000000000000000e+01,1.000000000000000000e+00,6.900000000000000000e+01,0.000000000000000000e+00,5.797407000000000153e+03,-8.179608999999999908e-01,-8.179149999999999476e-01,4.757798999999999947e-04,6.153199000000000307e-01,8.600000000000000000e+01,1.094801999999999928e-02,-2.178574000000000160e+04,4.043429000000000051e-01,0.000000000000000000e+00
