min F=100; num_slices=100; num_pts=200
angle,B_x,B_y,B_z,band number,Wien2k band number,spin dirn,branch,area [Angstrom^-2],freq [T],k_x,k_y,k_z,k_parallel,slicenum,inplane dk (Angstrom^-1),dF/dkpara^2,mass (m_e),df/dM [T/(mu_B/f.u.)]
0.000000000000000000e+00,0.000000000000000000e+00,0.000000000000000000e+00,1.000000000000000000e+00,4.000000000000000000e+00,2.600000000000000000e+01,1.000000000000000000e+00,3.000000000000000000e+00,0.000000000000000000e+00,1.157368999999999915e+03,-8.163051000000000057e-01,-8.192599000000000409e-01,-8.458742999999999471e-03,-8.458742999999999471e-03,5.300000000000000000e+01,1.801118999999999984e-02,6.198729999999999563e+03,9.613051000000000235e-02,0.000000000000000000e+00
0.000000000000000000e+00,0.000000000000000000e+00,0.000000000000000000e+00,1.000000000000000000e+00,4.000000000000000000e+00,2.600000000000000000e+01,1.000000000000000000e+00,6.000000000000000000e+00,0.000000000000000000e+00,1.157218000000000075e+03,8.199094999999999578e-01,-8.218855999999999939e-01,-5.041050999999999727e-01,-5.041050999999999727e-01,1.000000000000000000e+01,1.801118999999999984e-02,1.542885000000000036e+04,9.573246000000000533e-02,0.000000000000000000e+00
0.000000000000000000e+00,0.000000000000000000e+00,0.000000000000000000e+00,1.000000000000000000e+00,4.000000000000000000e+00,2.600000000000000000e+01,1.000000000000000000e+00,1.000000000000000000e+01,0.000000000000000000e+00,1.157218000000000075e+03,8.199098000000000219e-01,-8.218851000000000351e-01,5.040974000000000288e-01,5.040974000000000288e-01,9.900000000000000000e+01,1.801118999999999984e-02,1.543020999999999913e+04,9.573360999999999676e-02,0.000000000000000000e+00
0.000000000000000000e+00,0.000000000000000000e+00,0.000000000000000000e+00,1.000000000000000000e+00,4.000000000000000000e+00,2.600000000000000000e+01,1.000000000000000000e+00,1.100000000000000000e+01,0.000000000000000000e+00,1.157218000000000075e+03,-8.214500999999999609e-01,8.209087000000000467e-01,-5.041050999999999727e-01,-5.041050999999999727e-01,1.000000000000000000e+01,1.801118999999999984e-02,1.542885000000000036e+04,9.573246000000000533e-02,0.000000000000000000e+00
0.000000000000000000e+00,0.000000000000000000e+00,0.000000000000000000e+00,1.000000000000000000e+00,4.000000000000000000e+00,2.600000000000000000e+01,1.000000000000000000e+00,1.500000000000000000e+01,0.000000000000000000e+00,1.157218000000000075e+03,-8.214496000000000020e-01,8.209090999999999472e-01,5.040974000000000288e-01,5.040974000000000288e-01,9.900000000000000000e+01,1.801118999999999984e-02,1.543020999999999913e+04,9.573360999999999676e-02,0.000000000000000000e+00
0.000000000000000000e+00,0.000000000000000000e+00,0.000000000000000000e+00,1.000000000000000000e+00,4.000000000000000000e+00,2.600000000000000000e+01,1.000000000000000000e+00,1.800000000000000000e+01,0.000000000000000000e+00,1.156929000000000087e+03,8.160676999999999515e-01,8.201696000000000542e-01,-3.193075999999999987e-03,-3.193075999999999987e-03,5.400000000000000000e+01,1.801118999999999984e-02,1.070811000000000058e+04,1.020138000000000017e-01,0.000000000000000000e+00
1.000000000000000000e+00,3.030578999999999825e-03,-1.718727000000000102e-02,9.998477000000000059e-01,4.000000000000000000e+00,2.600000000000000000e+01,1.000000000000000000e+00,6.000000000000000000e+00,0.000000000000000000e+00,1.157055000000000064e+03,8.194595000000000073e-01,-8.212842999999999671e-01,-5.044113000000000069e-01,-4.877354999999999885e-01,1.100000000000000000e+01,1.799419000000000018e-02,1.604004999999999927e+04,9.783825000000000160e-02,0.000000000000000000e+00
1.000000000000000000e+00,3.030578999999999825e-03,-1.718727000000000102e-02,9.998477000000000059e-01,4.000000000000000000e+00,2.600000000000000000e+01,1.000000000000000000e+00,1.000000000000000000e+01,0.000000000000000000e+00,1.157217000000000098e+03,8.189400000000000013e-01,-8.205021999999999593e-01,5.050658000000000092e-01,5.215729000000000060e-01,1.010000000000000000e+02,1.799419000000000018e-02,1.471782999999999993e+04,9.774692000000000103e-02,0.000000000000000000e+00
1.000000000000000000e+00,3.030578999999999825e-03,-1.718727000000000102e-02,9.998477000000000059e-01,4.000000000000000000e+00,2.600000000000000000e+01,1.000000000000000000e+00,1.100000000000000000e+01,0.000000000000000000e+00,1.157118999999999915e+03,-8.207908000000000426e-01,8.197832000000000452e-01,-5.040436999999999834e-01,-5.205442000000000125e-01,8.000000000000000000e+00,1.799419000000000018e-02,1.549911000000000058e+04,9.752982999999999791e-02,0.000000000000000000e+00
1.000000000000000000e+00,3.030578999999999825e-03,-1.718727000000000102e-02,9.998477000000000059e-01,4.000000000000000000e+00,2.600000000000000000e+01,1.000000000000000000e+00,1.500000000000000000e+01,0.000000000000000000e+00,1.157260999999999967e+03,-8.162458000000000213e-01,8.182658000000000431e-01,5.054104000000000374e-01,4.887960000000000083e-01,9.800000000000000000e+01,1.799419000000000018e-02,1.462240999999999985e+04,9.786375999999999409e-02,0.000000000000000000e+00
2.000000000000000000e+00,6.060234000000000280e-03,-3.436928999999999679e-02,9.993908000000000236e-01,4.000000000000000000e+00,2.600000000000000000e+01,1.000000000000000000e+00,2.100000000000000000e+01,0.000000000000000000e+00,1.158034000000000106e+03,-8.145147000000000359e-01,-8.220382000000000522e-01,-8.683589000000000238e-03,1.463841999999999921e-02,5.500000000000000000e+01,1.797690999999999872e-02,7.002326000000000022e+03,9.623574000000000017e-02,0.000000000000000000e+00
2.000000000000000000e+00,6.060234000000000280e-03,-3.436928999999999679e-02,9.993908000000000236e-01,4.000000000000000000e+00,2.600000000000000000e+01,1.000000000000000000e+00,6.000000000000000000e+00,0.000000000000000000e+00,1.157660000000000082e+03,8.187803000000000164e-01,-8.203802999999999512e-01,-5.052010000000000112e-01,-4.717353000000000240e-01,1.300000000000000000e+01,1.797690999999999872e-02,1.558734000000000015e+04,9.742921000000000220e-02,0.000000000000000000e+00
2.000000000000000000e+00,6.060234000000000280e-03,-3.436928999999999679e-02,9.993908000000000236e-01,4.000000000000000000e+00,2.600000000000000000e+01,1.000000000000000000e+00,1.000000000000000000e+01,0.000000000000000000e+00,1.157615000000000009e+03,8.183384999999999687e-01,-8.185559999999999503e-01,5.037298999999999527e-01,5.365155000000000340e-01,1.020000000000000000e+02,1.797690999999999872e-02,1.591132999999999993e+04,9.827866999999999853e-02,0.000000000000000000e+00
2.000000000000000000e+00,6.060234000000000280e-03,-3.436928999999999679e-02,9.993908000000000236e-01,4.000000000000000000e+00,2.600000000000000000e+01,1.000000000000000000e+00,1.100000000000000000e+01,0.000000000000000000e+00,1.157596999999999980e+03,-8.211893000000000109e-01,8.202730999999999772e-01,-5.045678999999999581e-01,-5.374292999999999987e-01,6.000000000000000000e+00,1.797690999999999872e-02,1.633838999999999942e+04,9.788325000000000498e-02,0.000000000000000000e+00
2.000000000000000000e+00,6.060234000000000280e-03,-3.436928999999999679e-02,9.993908000000000236e-01,4.000000000000000000e+00,2.600000000000000000e+01,1.000000000000000000e+00,1.500000000000000000e+01,0.000000000000000000e+00,1.157670000000000073e+03,-8.196461000000000441e-01,8.215263999999999900e-01,5.053050000000000042e-01,4.717946000000000084e-01,9.700000000000000000e+01,1.797690999999999872e-02,1.490640999999999985e+04,9.750383999999999440e-02,0.000000000000000000e+00
3.000000000000000000e+00,9.088043000000000510e-03,-5.154086000000000084e-02,9.986294999999999478e-01,4.000000000000000000e+00,2.600000000000000000e+01,1.000000000000000000e+00,6.000000000000000000e+00,0.000000000000000000e+00,1.158468000000000075e+03,8.179448000000000274e-01,-8.190269999999999495e-01,-5.045916000000000290e-01,-4.542532000000000236e-01,1.400000000000000000e+01,1.795936000000000060e-02,1.483412999999999920e+04,9.808556000000000219e-02,0.000000000000000000e+00
3.000000000000000000e+00,9.088043000000000510e-03,-5.154086000000000084e-02,9.986294999999999478e-01,4.000000000000000000e+00,2.600000000000000000e+01,1.000000000000000000e+00,1.000000000000000000e+01,0.000000000000000000e+00,1.158702999999999975e+03,8.189241999999999910e-01,-8.201296999999999615e-01,5.039774000000000198e-01,5.529992999999999714e-01,1.040000000000000000e+02,1.795936000000000060e-02,1.378931999999999971e+04,9.746907999999999961e-02,0.000000000000000000e+00
3.000000000000000000e+00,9.088043000000000510e-03,-5.154086000000000084e-02,9.986294999999999478e-01,4.000000000000000000e+00,2.600000000000000000e+01,1.000000000000000000e+00,1.100000000000000000e+01,0.000000000000000000e+00,1.158192999999999984e+03,-8.217366999999999866e-01,8.210465999999999598e-01,-5.047395999999999550e-01,-5.538332999999999728e-01,5.000000000000000000e+00,1.795936000000000060e-02,1.701693999999999869e+04,9.596662999999999721e-02,0.000000000000000000e+00
3.000000000000000000e+00,9.088043000000000510e-03,-5.154086000000000084e-02,9.986294999999999478e-01,4.000000000000000000e+00,2.600000000000000000e+01,1.000000000000000000e+00,1.500000000000000000e+01,0.000000000000000000e+00,1.158441000000000031e+03,-8.208248999999999684e-01,8.201150999999999858e-01,5.054364000000000079e-01,4.550144999999999884e-01,9.500000000000000000e+01,1.795936000000000060e-02,1.492587000000000080e+04,9.841978999999999311e-02,0.000000000000000000e+00
4.000000000000000000e+00,1.211308000000000003e-02,-6.869672000000000278e-02,9.975640999999999536e-01,4.000000000000000000e+00,2.600000000000000000e+01,1.000000000000000000e+00,2.200000000000000000e+01,0.000000000000000000e+00,1.159134999999999991e+03,-8.148117000000000276e-01,-8.218014999999999626e-01,-6.359632999999999953e-03,4.024103999999999876e-02,5.800000000000000000e+01,1.794157000000000043e-02,1.089429000000000087e+04,1.003930999999999990e-01,0.000000000000000000e+00
4.000000000000000000e+00,1.211308000000000003e-02,-6.869672000000000278e-02,9.975640999999999536e-01,4.000000000000000000e+00,2.600000000000000000e+01,1.000000000000000000e+00,2.300000000000000000e+01,0.000000000000000000e+00,1.159574000000000069e+03,8.152485000000000426e-01,8.204928999999999695e-01,2.185163999999999856e-03,-4.431014999999999954e-02,5.100000000000000000e+01,1.794157000000000043e-02,9.482842000000000553e+03,9.658379000000000270e-02,0.000000000000000000e+00
4.000000000000000000e+00,1.211308000000000003e-02,-6.869672000000000278e-02,9.975640999999999536e-01,4.000000000000000000e+00,2.600000000000000000e+01,1.000000000000000000e+00,6.000000000000000000e+00,0.000000000000000000e+00,1.159324000000000069e+03,8.191399000000000319e-01,-8.207655999999999841e-01,-5.030061000000000115e-01,-4.354745999999999895e-01,1.600000000000000000e+01,1.794157000000000043e-02,1.597920000000000073e+04,9.672211999999999477e-02,0.000000000000000000e+00
4.000000000000000000e+00,1.211308000000000003e-02,-6.869672000000000278e-02,9.975640999999999536e-01,4.000000000000000000e+00,2.600000000000000000e+01,1.000000000000000000e+00,1.000000000000000000e+01,0.000000000000000000e+00,1.159404999999999973e+03,8.205685000000000340e-01,-8.216223000000000276e-01,5.074305000000000065e-01,5.725767999999999969e-01,1.060000000000000000e+02,1.794157000000000043e-02,1.440979999999999927e+04,9.780104000000000575e-02,0.000000000000000000e+00
4.000000000000000000e+00,1.211308000000000003e-02,-6.869672000000000278e-02,9.975640999999999536e-01,4.000000000000000000e+00,2.600000000000000000e+01,1.000000000000000000e+00,1.100000000000000000e+01,0.000000000000000000e+00,1.159023999999999887e+03,-8.216999000000000386e-01,8.212255000000000527e-01,-5.035325999999999969e-01,-5.686748000000000358e-01,4.000000000000000000e+00,1.794157000000000043e-02,1.766050000000000000e+04,9.758777000000000423e-02,0.000000000000000000e+00
4.000000000000000000e+00,1.211308000000000003e-02,-6.869672000000000278e-02,9.975640999999999536e-01,4.000000000000000000e+00,2.600000000000000000e+01,1.000000000000000000e+00,1.500000000000000000e+01,0.000000000000000000e+00,1.158766000000000076e+03,-8.180836000000000219e-01,8.190024000000000193e-01,5.063714000000000270e-01,4.389656000000000113e-01,9.300000000000000000e+01,1.794157000000000043e-02,2.092077999999999884e+04,9.809822999999999460e-02,0.000000000000000000e+00
5.000000000000000000e+00,1.513444000000000074e-02,-8.583164999999999545e-02,9.961946999999999885e-01,4.000000000000000000e+00,2.600000000000000000e+01,1.000000000000000000e+00,2.300000000000000000e+01,0.000000000000000000e+00,1.160740999999999985e+03,8.153559999999999697e-01,8.206773000000000540e-01,1.605368999999999937e-03,-5.650088000000000332e-02,5.000000000000000000e+01,1.792356999999999978e-02,9.358013000000000829e+03,9.758232000000000017e-02,0.000000000000000000e+00
5.000000000000000000e+00,1.513444000000000074e-02,-8.583164999999999545e-02,9.961946999999999885e-01,4.000000000000000000e+00,2.600000000000000000e+01,1.000000000000000000e+00,6.000000000000000000e+00,0.000000000000000000e+00,1.160277000000000044e+03,8.182310000000000416e-01,-8.198039999999999772e-01,-5.052640999999999938e-01,-4.205927999999999889e-01,1.700000000000000000e+01,1.792356999999999978e-02,1.762909000000000015e+04,9.853452999999999518e-02,0.000000000000000000e+00
5.000000000000000000e+00,1.513444000000000074e-02,-8.583164999999999545e-02,9.961946999999999885e-01,4.000000000000000000e+00,2.600000000000000000e+01,1.000000000000000000e+00,1.100000000000000000e+01,0.000000000000000000e+00,1.160403000000000020e+03,-8.217429000000000539e-01,8.215784000000000420e-01,-5.033147000000000038e-01,-5.843534999999999702e-01,3.000000000000000000e+00,1.792356999999999978e-02,1.616269000000000051e+04,9.806900000000000339e-02,0.000000000000000000e+00
5.000000000000000000e+00,1.513444000000000074e-02,-8.583164999999999545e-02,9.961946999999999885e-01,4.000000000000000000e+00,2.600000000000000000e+01,1.000000000000000000e+00,1.500000000000000000e+01,0.000000000000000000e+00,1.160663999999999987e+03,-8.193165999999999505e-01,8.213675999999999755e-01,5.015979000000000410e-01,4.167898999999999909e-01,9.100000000000000000e+01,1.792356999999999978e-02,1.430548999999999978e+04,9.927247999999999628e-02,0.000000000000000000e+00
6.000000000000000000e+00,1.815117999999999940e-02,-1.029404000000000013e-01,9.945218999999999587e-01,4.000000000000000000e+00,2.600000000000000000e+01,1.000000000000000000e+00,2.400000000000000000e+01,0.000000000000000000e+00,1.162279999999999973e+03,-8.202040999999999915e-01,-8.171253000000000544e-01,-7.300609999999999912e-03,6.196696000000000148e-02,6.000000000000000000e+01,1.790537999999999852e-02,9.379337999999999738e+03,9.827827000000000091e-02,0.000000000000000000e+00
6.000000000000000000e+00,1.815117999999999940e-02,-1.029404000000000013e-01,9.945218999999999587e-01,4.000000000000000000e+00,2.600000000000000000e+01,1.000000000000000000e+00,6.000000000000000000e+00,0.000000000000000000e+00,1.162055000000000064e+03,8.178318999999999450e-01,-8.196225000000000316e-01,-5.088428999999999869e-01,-4.068384999999999918e-01,1.800000000000000000e+01,1.790537999999999852e-02,1.540331999999999971e+04,9.841104000000000518e-02,0.000000000000000000e+00
6.000000000000000000e+00,1.815117999999999940e-02,-1.029404000000000013e-01,9.945218999999999587e-01,4.000000000000000000e+00,2.600000000000000000e+01,1.000000000000000000e+00,2.300000000000000000e+01,0.000000000000000000e+00,1.162315000000000055e+03,8.180720999999999687e-01,8.182359999999999634e-01,-2.381278000000000073e-04,-6.961742999999999404e-02,4.900000000000000000e+01,1.790537999999999852e-02,9.095980999999999767e+03,9.896947999999999857e-02,0.000000000000000000e+00
6.000000000000000000e+00,1.815117999999999940e-02,-1.029404000000000013e-01,9.945218999999999587e-01,4.000000000000000000e+00,2.600000000000000000e+01,1.000000000000000000e+00,1.500000000000000000e+01,0.000000000000000000e+00,1.161846999999999980e+03,-8.200197999999999654e-01,8.204548000000000396e-01,5.094545000000000323e-01,4.073214000000000001e-01,9.100000000000000000e+01,1.790537999999999852e-02,1.671163000000000102e+04,9.665250000000000230e-02,0.000000000000000000e+00
7.000000000000000000e+00,2.116238999999999967e-02,-1.200178999999999968e-01,9.925462000000000451e-01,4.000000000000000000e+00,2.600000000000000000e+01,1.000000000000000000e+00,6.000000000000000000e+00,0.000000000000000000e+00,1.164214999999999918e+03,8.178408000000000344e-01,-8.190891000000000144e-01,-5.061499999999999888e-01,-3.867645000000000111e-01,2.000000000000000000e+01,1.788702000000000000e-02,1.109004000000000087e+04,1.004474000000000061e-01,0.000000000000000000e+00
7.000000000000000000e+00,2.116238999999999967e-02,-1.200178999999999968e-01,9.925462000000000451e-01,4.000000000000000000e+00,2.600000000000000000e+01,1.000000000000000000e+00,2.300000000000000000e+01,0.000000000000000000e+00,1.164086000000000013e+03,8.167702000000000018e-01,8.199246999999999508e-01,-3.534263000000000161e-03,-8.462872999999999923e-02,4.700000000000000000e+01,1.788702000000000000e-02,9.228708000000000538e+03,1.005318000000000045e-01,0.000000000000000000e+00
8.000000000000000000e+00,2.416716000000000003e-02,-1.370587000000000055e-01,9.902680999999999845e-01,4.000000000000000000e+00,2.600000000000000000e+01,1.000000000000000000e+00,2.400000000000000000e+01,0.000000000000000000e+00,1.166290999999999940e+03,-8.173654999999999671e-01,-8.203211999999999726e-01,-2.459092000000000070e-04,9.243529000000000329e-02,6.300000000000000000e+01,1.786851999999999885e-02,8.884606999999999971e+03,1.002979999999999983e-01,0.000000000000000000e+00
8.000000000000000000e+00,2.416716000000000003e-02,-1.370587000000000055e-01,9.902680999999999845e-01,4.000000000000000000e+00,2.600000000000000000e+01,1.000000000000000000e+00,2.300000000000000000e+01,0.000000000000000000e+00,1.166060999999999922e+03,8.151947000000000498e-01,8.220231000000000066e-01,-7.882078000000000695e-03,-1.007698999999999956e-01,4.500000000000000000e+01,1.786851999999999885e-02,1.025061000000000058e+04,9.799230999999999914e-02,0.000000000000000000e+00
8.000000000000000000e+00,2.416716000000000003e-02,-1.370587000000000055e-01,9.902680999999999845e-01,4.000000000000000000e+00,2.600000000000000000e+01,1.000000000000000000e+00,1.500000000000000000e+01,0.000000000000000000e+00,1.166463999999999942e+03,-8.215812000000000115e-01,8.222703000000000095e-01,5.010710000000000441e-01,3.636400000000000188e-01,8.600000000000000000e+01,1.786851999999999885e-02,8.988916999999999462e+03,9.839684999999999404e-02,0.000000000000000000e+00
9.000000000000000000e+00,2.716456000000000079e-02,-1.540578999999999976e-01,9.876882999999999635e-01,4.000000000000000000e+00,2.600000000000000000e+01,1.000000000000000000e+00,6.000000000000000000e+00,0.000000000000000000e+00,1.168299999999999955e+03,8.198400999999999605e-01,-8.200098000000000109e-01,-5.097055000000000335e-01,-3.548305999999999960e-01,2.300000000000000000e+01,1.784989000000000020e-02,1.342830999999999949e+04,9.750577000000000549e-02,0.000000000000000000e+00
9.000000000000000000e+00,2.716456000000000079e-02,-1.540578999999999976e-01,9.876882999999999635e-01,4.000000000000000000e+00,2.600000000000000000e+01,1.000000000000000000e+00,2.300000000000000000e+01,0.000000000000000000e+00,1.168046000000000049e+03,8.153858999999999968e-01,8.213854999999999906e-01,-8.114918999999999952e-03,-1.124063000000000007e-01,4.500000000000000000e+01,1.784989000000000020e-02,1.416278000000000065e+04,9.858735000000000415e-02,0.000000000000000000e+00
1.000000000000000000e+01,3.015369000000000035e-02,-1.710100999999999982e-01,9.848078000000000110e-01,4.000000000000000000e+00,2.600000000000000000e+01,1.000000000000000000e+00,2.400000000000000000e+01,0.000000000000000000e+00,1.171173999999999978e+03,-8.177501999999999827e-01,-8.201091000000000353e-01,-2.374035999999999941e-03,1.132507999999999987e-01,6.500000000000000000e+01,1.783117000000000035e-02,8.817456000000000131e+03,9.985571999999999504e-02,0.000000000000000000e+00
1.100000000000000000e+01,3.313362999999999725e-02,-1.879101999999999995e-01,9.816272000000000331e-01,4.000000000000000000e+00,2.600000000000000000e+01,1.000000000000000000e+00,2.400000000000000000e+01,0.000000000000000000e+00,1.173366999999999962e+03,-8.189826000000000050e-01,-8.190199999999999703e-01,-5.245927000000000055e-03,1.216167999999999971e-01,6.500000000000000000e+01,1.781239000000000086e-02,1.349087000000000080e+04,9.960815000000000641e-02,0.000000000000000000e+00
1.100000000000000000e+01,3.313362999999999725e-02,-1.879101999999999995e-01,9.816272000000000331e-01,4.000000000000000000e+00,2.600000000000000000e+01,1.000000000000000000e+00,6.000000000000000000e+00,0.000000000000000000e+00,1.173255000000000109e+03,8.234953999999999885e-01,-8.236700000000000133e-01,-5.060782999999999809e-01,-3.147188000000000208e-01,2.700000000000000000e+01,1.781239000000000086e-02,1.662890999999999985e+04,9.819646999999999404e-02,0.000000000000000000e+00
1.100000000000000000e+01,3.313362999999999725e-02,-1.879101999999999995e-01,9.816272000000000331e-01,4.000000000000000000e+00,2.600000000000000000e+01,1.000000000000000000e+00,2.300000000000000000e+01,0.000000000000000000e+00,1.173260999999999967e+03,8.162713999999999803e-01,8.201920000000000321e-01,-4.598864000000000250e-03,-1.315908000000000078e-01,4.300000000000000000e+01,1.781239000000000086e-02,1.357254999999999927e+04,9.891701999999999440e-02,0.000000000000000000e+00
1.200000000000000000e+01,3.610349000000000197e-02,-2.047529999999999906e-01,9.781476000000000059e-01,4.000000000000000000e+00,2.600000000000000000e+01,1.000000000000000000e+00,2.400000000000000000e+01,0.000000000000000000e+00,1.177142000000000053e+03,-8.197368999999999906e-01,-8.179471000000000380e-01,-7.681359999999999924e-03,1.303682999999999925e-01,6.600000000000000000e+01,1.779355000000000173e-02,1.165806999999999971e+04,1.014942999999999956e-01,0.000000000000000000e+00
1.200000000000000000e+01,3.610349000000000197e-02,-2.047529999999999906e-01,9.781476000000000059e-01,4.000000000000000000e+00,2.600000000000000000e+01,1.000000000000000000e+00,2.300000000000000000e+01,0.000000000000000000e+00,1.176834000000000060e+03,8.159729999999999484e-01,8.211062999999999557e-01,-2.625919999999999904e-03,-1.412331000000000003e-01,4.200000000000000000e+01,1.779355000000000173e-02,1.179761000000000058e+04,9.891416000000000097e-02,0.000000000000000000e+00
1.300000000000000000e+01,3.906234000000000095e-02,-2.215334999999999943e-01,9.743701000000000167e-01,4.000000000000000000e+00,2.600000000000000000e+01,1.000000000000000000e+00,1.000000000000000000e+00,0.000000000000000000e+00,1.180580999999999904e+03,-8.180024999999999658e-01,-8.189032000000000533e-01,-5.108485999999999860e-01,-3.482941999999999982e-01,2.400000000000000000e+01,1.777468999999999924e-02,1.582160000000000036e+04,9.983675999999999662e-02,0.000000000000000000e+00
1.300000000000000000e+01,3.906234000000000095e-02,-2.215334999999999943e-01,9.743701000000000167e-01,4.000000000000000000e+00,2.600000000000000000e+01,1.000000000000000000e+00,2.300000000000000000e+01,0.000000000000000000e+00,1.180797000000000025e+03,8.169996999999999954e-01,8.191344999999999876e-01,-4.496191000000000076e-03,-1.539328000000000085e-01,4.100000000000000000e+01,1.777468999999999924e-02,9.444620000000000800e+03,1.001390999999999948e-01,0.000000000000000000e+00
1.300000000000000000e+01,3.906234000000000095e-02,-2.215334999999999943e-01,9.743701000000000167e-01,4.000000000000000000e+00,2.600000000000000000e+01,1.000000000000000000e+00,2.000000000000000000e+01,0.000000000000000000e+00,1.180203999999999951e+03,8.197938000000000169e-01,8.204734000000000194e-01,4.964511999999999814e-01,3.339879000000000042e-01,8.300000000000000000e+01,1.777468999999999924e-02,2.295843000000000029e+04,9.932264000000000370e-02,0.000000000000000000e+00
1.400000000000000000e+01,4.200929999999999942e-02,-2.382466000000000028e-01,9.702956999999999832e-01,4.000000000000000000e+00,2.600000000000000000e+01,1.000000000000000000e+00,6.000000000000000000e+00,0.000000000000000000e+00,1.182760999999999967e+03,8.179286999999999530e-01,-8.187430999999999459e-01,-5.038219000000000447e-01,-2.594329000000000218e-01,3.200000000000000000e+01,1.775583000000000022e-02,2.273888999999999942e+04,1.003127999999999936e-01,0.000000000000000000e+00
1.400000000000000000e+01,4.200929999999999942e-02,-2.382466000000000028e-01,9.702956999999999832e-01,4.000000000000000000e+00,2.600000000000000000e+01,1.000000000000000000e+00,1.500000000000000000e+01,0.000000000000000000e+00,1.182762999999999920e+03,-8.182507999999999448e-01,8.179629000000000483e-01,5.033855000000000413e-01,2.591818000000000177e-01,7.700000000000000000e+01,1.775583000000000022e-02,2.317588000000000102e+04,9.995577999999999408e-02,0.000000000000000000e+00
1.500000000000000000e+01,4.494345999999999758e-02,-2.548869999999999747e-01,9.659257999999999456e-01,4.000000000000000000e+00,2.600000000000000000e+01,1.000000000000000000e+00,6.000000000000000000e+00,0.000000000000000000e+00,1.186865999999999985e+03,8.203696000000000321e-01,-8.219775999999999749e-01,-5.052208999999999728e-01,-2.416242000000000112e-01,3.400000000000000000e+01,1.773699000000000109e-02,2.387031000000000131e+04,1.004305000000000059e-01,0.000000000000000000e+00
1.500000000000000000e+01,4.494345999999999758e-02,-2.548869999999999747e-01,9.659257999999999456e-01,4.000000000000000000e+00,2.600000000000000000e+01,1.000000000000000000e+00,1.500000000000000000e+01,0.000000000000000000e+00,1.187088999999999942e+03,-8.204850000000000199e-01,8.207343999999999751e-01,5.047878000000000087e-01,2.415175999999999989e-01,7.500000000000000000e+01,1.773699000000000109e-02,2.274711000000000058e+04,9.985621999999999554e-02,0.000000000000000000e+00
1.600000000000000000e+01,4.786391999999999730e-02,-2.714498000000000189e-01,9.612616999999999967e-01,4.000000000000000000e+00,2.600000000000000000e+01,1.000000000000000000e+00,6.000000000000000000e+00,0.000000000000000000e+00,1.191500000000000000e+03,8.180585000000000218e-01,-8.192513999999999630e-01,-5.035009000000000290e-01,-2.224550000000000138e-01,3.500000000000000000e+01,1.771819000000000172e-02,2.392436000000000058e+04,1.005057000000000034e-01,0.000000000000000000e+00
1.600000000000000000e+01,4.786391999999999730e-02,-2.714498000000000189e-01,9.612616999999999967e-01,4.000000000000000000e+00,2.600000000000000000e+01,1.000000000000000000e+00,1.500000000000000000e+01,0.000000000000000000e+00,1.191224999999999909e+03,-8.190960000000000463e-01,8.196250999999999953e-01,5.039192999999999589e-01,2.227060999999999902e-01,7.400000000000000000e+01,1.771819000000000172e-02,2.422620999999999913e+04,1.004285000000000039e-01,0.000000000000000000e+00
1.700000000000000000e+01,5.076980999999999855e-02,-2.879299000000000164e-01,9.563047999999999549e-01,4.000000000000000000e+00,2.600000000000000000e+01,1.000000000000000000e+00,1.500000000000000000e+01,0.000000000000000000e+00,1.196324000000000069e+03,-8.194571999999999967e-01,8.199899000000000493e-01,5.042628000000000110e-01,2.045256000000000018e-01,7.200000000000000000e+01,1.769946999999999840e-02,2.254929000000000087e+04,1.006234000000000017e-01,0.000000000000000000e+00
1.700000000000000000e+01,5.076980999999999855e-02,-2.879299000000000164e-01,9.563047999999999549e-01,4.000000000000000000e+00,2.600000000000000000e+01,1.000000000000000000e+00,6.000000000000000000e+00,0.000000000000000000e+00,1.196116999999999962e+03,8.189718000000000275e-01,-8.207699000000000522e-01,-5.053271000000000290e-01,-2.053434000000000093e-01,3.700000000000000000e+01,1.769946999999999840e-02,2.336229999999999927e+04,1.016299999999999981e-01,0.000000000000000000e+00
1.800000000000000000e+01,5.366023999999999794e-02,-3.043222999999999900e-01,9.510564999999999714e-01,4.000000000000000000e+00,2.600000000000000000e+01,1.000000000000000000e+00,1.500000000000000000e+01,0.000000000000000000e+00,1.201403000000000020e+03,-8.193238000000000465e-01,8.206151000000000417e-01,5.059814000000000256e-01,1.875203000000000009e-01,7.000000000000000000e+01,1.768083000000000155e-02,2.296050999999999840e+04,1.019917999999999936e-01,0.000000000000000000e+00
1.800000000000000000e+01,5.366023999999999794e-02,-3.043222999999999900e-01,9.510564999999999714e-01,4.000000000000000000e+00,2.600000000000000000e+01,1.000000000000000000e+00,6.000000000000000000e+00,0.000000000000000000e+00,1.201387999999999920e+03,8.172232000000000385e-01,-8.179427000000000225e-01,-5.044108000000000480e-01,-1.869524999999999937e-01,3.900000000000000000e+01,1.768083000000000155e-02,2.264136999999999898e+04,1.028797999999999935e-01,0.000000000000000000e+00
1.900000000000000000e+01,5.653431999999999902e-02,-3.206220000000000181e-01,9.455185999999999868e-01,4.000000000000000000e+00,2.600000000000000000e+01,1.000000000000000000e+00,1.500000000000000000e+01,0.000000000000000000e+00,1.207021999999999935e+03,-8.177341000000000193e-01,8.171357000000000204e-01,5.042396999999999574e-01,1.685463000000000100e-01,6.900000000000000000e+01,1.766231000000000051e-02,2.195850000000000000e+04,1.039500000000000007e-01,0.000000000000000000e+00
1.900000000000000000e+01,5.653431999999999902e-02,-3.206220000000000181e-01,9.455185999999999868e-01,4.000000000000000000e+00,2.600000000000000000e+01,1.000000000000000000e+00,6.000000000000000000e+00,0.000000000000000000e+00,1.207144000000000005e+03,8.194323999999999497e-01,-8.220553999999999917e-01,-5.066138999999999504e-01,-1.691177000000000097e-01,4.000000000000000000e+01,1.766231000000000051e-02,2.104649000000000160e+04,1.030318999999999957e-01,0.000000000000000000e+00
2.000000000000000000e+01,5.939117000000000007e-02,-3.368241000000000152e-01,9.396925999999999890e-01,4.000000000000000000e+00,2.600000000000000000e+01,1.000000000000000000e+00,2.300000000000000000e+01,0.000000000000000000e+00,1.213015000000000100e+03,8.155061000000000115e-01,8.227195000000000480e-01,-2.502555999999999965e-03,-2.310294999999999987e-01,3.500000000000000000e+01,1.764392000000000044e-02,2.068211999999999898e+04,1.033738000000000018e-01,0.000000000000000000e+00
2.000000000000000000e+01,5.939117000000000007e-02,-3.368241000000000152e-01,9.396925999999999890e-01,4.000000000000000000e+00,2.600000000000000000e+01,1.000000000000000000e+00,1.500000000000000000e+01,0.000000000000000000e+00,1.213086000000000013e+03,-8.197400999999999716e-01,8.216683000000000181e-01,5.070164000000000337e-01,1.509966000000000086e-01,6.700000000000000000e+01,1.764392000000000044e-02,2.115597999999999956e+04,1.044783999999999990e-01,0.000000000000000000e+00
2.000000000000000000e+01,5.939117000000000007e-02,-3.368241000000000152e-01,9.396925999999999890e-01,4.000000000000000000e+00,2.600000000000000000e+01,1.000000000000000000e+00,2.400000000000000000e+01,0.000000000000000000e+00,1.213013999999999896e+03,-8.143224999999999492e-01,-8.228773000000000337e-01,-6.044856999999999835e-03,2.231210000000000138e-01,7.300000000000000000e+01,1.764392000000000044e-02,2.043191999999999825e+04,1.033458000000000016e-01,0.000000000000000000e+00
2.000000000000000000e+01,5.939117000000000007e-02,-3.368241000000000152e-01,9.396925999999999890e-01,4.000000000000000000e+00,2.600000000000000000e+01,1.000000000000000000e+00,6.000000000000000000e+00,0.000000000000000000e+00,1.213065000000000055e+03,8.180199999999999694e-01,-8.195875000000000243e-01,-5.058766000000000096e-01,-1.507284999999999875e-01,4.200000000000000000e+01,1.764392000000000044e-02,2.126752000000000044e+04,1.049184999999999979e-01,0.000000000000000000e+00
2.100000000000000000e+01,6.222993999999999748e-02,-3.529235000000000011e-01,9.335803999999999769e-01,4.000000000000000000e+00,2.600000000000000000e+01,1.000000000000000000e+00,2.300000000000000000e+01,0.000000000000000000e+00,1.219173000000000002e+03,8.170074000000000503e-01,8.192336000000000062e-01,-4.676124000000000253e-03,-2.426500000000000046e-01,3.400000000000000000e+01,1.762568999999999941e-02,2.166163999999999942e+04,1.043647000000000047e-01,0.000000000000000000e+00
2.100000000000000000e+01,6.222993999999999748e-02,-3.529235000000000011e-01,9.335803999999999769e-01,4.000000000000000000e+00,2.600000000000000000e+01,1.000000000000000000e+00,1.500000000000000000e+01,0.000000000000000000e+00,1.219497000000000071e+03,-8.175976999999999828e-01,8.176556999999999853e-01,5.066861999999999755e-01,1.335832999999999882e-01,6.600000000000000000e+01,1.762568999999999941e-02,2.005843999999999869e+04,1.052811000000000025e-01,0.000000000000000000e+00
2.100000000000000000e+01,6.222993999999999748e-02,-3.529235000000000011e-01,9.335803999999999769e-01,4.000000000000000000e+00,2.600000000000000000e+01,1.000000000000000000e+00,2.400000000000000000e+01,0.000000000000000000e+00,1.219267000000000053e+03,-8.180195999999999579e-01,-8.196873999999999549e-01,-4.318327999999999750e-03,2.343502000000000085e-01,7.400000000000000000e+01,1.762568999999999941e-02,2.094184000000000015e+04,1.043961000000000056e-01,0.000000000000000000e+00
2.100000000000000000e+01,6.222993999999999748e-02,-3.529235000000000011e-01,9.335803999999999769e-01,4.000000000000000000e+00,2.600000000000000000e+01,1.000000000000000000e+00,6.000000000000000000e+00,0.000000000000000000e+00,1.219392000000000053e+03,8.182738999999999985e-01,-8.204725999999999964e-01,-5.075963000000000003e-01,-1.333967000000000069e-01,4.300000000000000000e+01,1.762568999999999941e-02,2.033102000000000044e+04,1.042924999999999963e-01,0.000000000000000000e+00
2.200000000000000000e+01,6.504975000000000340e-02,-3.689155000000000073e-01,9.271838999999999498e-01,4.000000000000000000e+00,2.600000000000000000e+01,1.000000000000000000e+00,2.300000000000000000e+01,0.000000000000000000e+00,1.225458000000000084e+03,8.189710999999999519e-01,8.176982999999999890e-01,-5.617480000000000216e-03,-2.535960999999999910e-01,3.400000000000000000e+01,1.760762999999999912e-02,2.421863999999999942e+04,1.044503999999999988e-01,0.000000000000000000e+00
2.200000000000000000e+01,6.504975000000000340e-02,-3.689155000000000073e-01,9.271838999999999498e-01,4.000000000000000000e+00,2.600000000000000000e+01,1.000000000000000000e+00,2.400000000000000000e+01,0.000000000000000000e+00,1.225592000000000098e+03,-8.148893999999999860e-01,-8.208885999999999683e-01,-4.672301999999999705e-03,2.454980999999999969e-01,7.500000000000000000e+01,1.760762999999999912e-02,2.334322000000000116e+04,1.037286000000000041e-01,0.000000000000000000e+00
2.300000000000000000e+01,6.784975000000000034e-02,-3.847949999999999982e-01,9.205048999999999593e-01,4.000000000000000000e+00,2.600000000000000000e+01,1.000000000000000000e+00,2.300000000000000000e+01,0.000000000000000000e+00,1.232403000000000020e+03,8.167128000000000165e-01,8.207440000000000291e-01,-3.928774000000000328e-03,-2.640209000000000028e-01,3.300000000000000000e+01,1.758977000000000110e-02,2.515545000000000073e+04,1.058163000000000020e-01,0.000000000000000000e+00
2.300000000000000000e+01,6.784975000000000034e-02,-3.847949999999999982e-01,9.205048999999999593e-01,4.000000000000000000e+00,2.600000000000000000e+01,1.000000000000000000e+00,2.400000000000000000e+01,0.000000000000000000e+00,1.232749000000000024e+03,-8.136060000000000514e-01,-8.234236999999999806e-01,-6.372580000000000085e-03,2.557804000000000189e-01,7.600000000000000000e+01,1.758977000000000110e-02,2.323266999999999825e+04,1.054468999999999962e-01,0.000000000000000000e+00
2.300000000000000000e+01,6.784975000000000034e-02,-3.847949999999999982e-01,9.205048999999999593e-01,4.000000000000000000e+00,2.600000000000000000e+01,1.000000000000000000e+00,6.000000000000000000e+00,0.000000000000000000e+00,1.232848999999999933e+03,8.181367000000000500e-01,-8.196560999999999986e-01,-5.064946000000000170e-01,-9.532076999999999911e-02,4.700000000000000000e+01,1.758977000000000110e-02,2.385263999999999942e+04,1.071692000000000061e-01,0.000000000000000000e+00
2.400000000000000000e+01,7.062907999999999686e-02,-4.005574000000000079e-01,9.135455000000000103e-01,4.000000000000000000e+00,2.600000000000000000e+01,1.000000000000000000e+00,2.300000000000000000e+01,0.000000000000000000e+00,1.240070999999999913e+03,8.160007000000000232e-01,8.205776999999999655e-01,-3.099106999999999817e-03,-2.738863000000000270e-01,3.200000000000000000e+01,1.757212000000000010e-02,2.540495999999999913e+04,1.063869999999999955e-01,0.000000000000000000e+00
2.400000000000000000e+01,7.062907999999999686e-02,-4.005574000000000079e-01,9.135455000000000103e-01,4.000000000000000000e+00,2.600000000000000000e+01,1.000000000000000000e+00,1.500000000000000000e+01,0.000000000000000000e+00,1.240336000000000013e+03,-8.184179000000000315e-01,8.192395000000000094e-01,5.059780000000000388e-01,7.627741999999999856e-02,6.100000000000000000e+01,1.757212000000000010e-02,2.556409000000000015e+04,1.070109000000000060e-01,0.000000000000000000e+00
2.400000000000000000e+01,7.062907999999999686e-02,-4.005574000000000079e-01,9.135455000000000103e-01,4.000000000000000000e+00,2.600000000000000000e+01,1.000000000000000000e+00,2.400000000000000000e+01,0.000000000000000000e+00,1.240119999999999891e+03,-8.141167000000000264e-01,-8.219804000000000554e-01,-5.129273999999999639e-03,2.670641999999999738e-01,7.600000000000000000e+01,1.757212000000000010e-02,2.531495999999999913e+04,1.068539000000000017e-01,0.000000000000000000e+00
2.500000000000000000e+01,7.338688999999999629e-02,-4.161977000000000038e-01,9.063077999999999967e-01,4.000000000000000000e+00,2.600000000000000000e+01,1.000000000000000000e+00,2.300000000000000000e+01,0.000000000000000000e+00,1.248009999999999991e+03,8.163120999999999849e-01,8.217453999999999592e-01,-3.152003000000000010e-03,-2.849587000000000092e-01,3.200000000000000000e+01,1.755471000000000115e-02,2.625509000000000015e+04,1.066730000000000039e-01,0.000000000000000000e+00
2.500000000000000000e+01,7.338688999999999629e-02,-4.161977000000000038e-01,9.063077999999999967e-01,4.000000000000000000e+00,2.600000000000000000e+01,1.000000000000000000e+00,2.400000000000000000e+01,0.000000000000000000e+00,1.248056000000000040e+03,-8.134386999999999590e-01,-8.239271000000000233e-01,-7.904546000000000142e-03,2.760568999999999940e-01,7.700000000000000000e+01,1.755471000000000115e-02,2.469554000000000087e+04,1.058964000000000016e-01,0.000000000000000000e+00
2.500000000000000000e+01,7.338688999999999629e-02,-4.161977000000000038e-01,9.063077999999999967e-01,4.000000000000000000e+00,2.600000000000000000e+01,1.000000000000000000e+00,6.000000000000000000e+00,0.000000000000000000e+00,1.248169000000000096e+03,8.179653999999999536e-01,-8.195337000000000316e-01,-5.065313999999999650e-01,-5.795734000000000302e-02,5.000000000000000000e+01,1.755471000000000115e-02,2.767961999999999898e+04,1.088520999999999933e-01,0.000000000000000000e+00
2.600000000000000000e+01,7.612235000000000529e-02,-4.317113000000000200e-01,8.987939999999999818e-01,4.000000000000000000e+00,2.600000000000000000e+01,1.000000000000000000e+00,2.300000000000000000e+01,0.000000000000000000e+00,1.256586000000000013e+03,8.171716999999999453e-01,8.197659999999999947e-01,-4.042653000000000219e-03,-2.953307000000000015e-01,3.100000000000000000e+01,1.753756000000000065e-02,2.457372999999999956e+04,1.101074999999999970e-01,0.000000000000000000e+00
2.600000000000000000e+01,7.612235000000000529e-02,-4.317113000000000200e-01,8.987939999999999818e-01,4.000000000000000000e+00,2.600000000000000000e+01,1.000000000000000000e+00,1.500000000000000000e+01,0.000000000000000000e+00,1.256588999999999942e+03,-8.187986000000000431e-01,8.198803000000000063e-01,5.058620000000000339e-01,3.838524000000000103e-02,5.800000000000000000e+01,1.753756000000000065e-02,2.938891999999999825e+04,1.102333000000000063e-01,0.000000000000000000e+00
2.600000000000000000e+01,7.612235000000000529e-02,-4.317113000000000200e-01,8.987939999999999818e-01,4.000000000000000000e+00,2.600000000000000000e+01,1.000000000000000000e+00,2.400000000000000000e+01,0.000000000000000000e+00,1.256675999999999931e+03,-8.148300000000000542e-01,-8.217969000000000523e-01,-7.300784000000000266e-03,2.861903000000000086e-01,7.700000000000000000e+01,1.753756000000000065e-02,2.393602999999999884e+04,1.098345000000000016e-01,0.000000000000000000e+00
2.700000000000000000e+01,7.883461999999999414e-02,-4.470933999999999742e-01,8.910065000000000346e-01,4.000000000000000000e+00,2.600000000000000000e+01,1.000000000000000000e+00,2.300000000000000000e+01,0.000000000000000000e+00,1.265449000000000069e+03,8.161429000000000045e-01,8.189663999999999833e-01,-5.066937999999999998e-03,-3.063288000000000122e-01,3.000000000000000000e+01,1.752068000000000028e-02,2.669202000000000044e+04,1.088646000000000058e-01,0.000000000000000000e+00
2.700000000000000000e+01,7.883461999999999414e-02,-4.470933999999999742e-01,8.910065000000000346e-01,4.000000000000000000e+00,2.600000000000000000e+01,1.000000000000000000e+00,6.000000000000000000e+00,0.000000000000000000e+00,1.265602000000000089e+03,8.181173999999999946e-01,-8.198362000000000149e-01,-5.061438999999999799e-01,-1.993819000000000147e-02,5.300000000000000000e+01,1.752068000000000028e-02,3.049850999999999840e+04,1.110667999999999933e-01,0.000000000000000000e+00
2.800000000000000000e+01,8.152288000000000590e-02,-4.623392000000000057e-01,8.829476000000000546e-01,4.000000000000000000e+00,2.600000000000000000e+01,1.000000000000000000e+00,2.300000000000000000e+01,0.000000000000000000e+00,1.274973999999999933e+03,8.165704999999999769e-01,8.211059000000000552e-01,-2.164755999999999885e-03,-3.149717000000000211e-01,3.000000000000000000e+01,1.750408999999999993e-02,2.733825999999999840e+04,1.105085999999999985e-01,0.000000000000000000e+00
2.800000000000000000e+01,8.152288000000000590e-02,-4.623392000000000057e-01,8.829476000000000546e-01,4.000000000000000000e+00,2.600000000000000000e+01,1.000000000000000000e+00,1.500000000000000000e+01,0.000000000000000000e+00,1.275201999999999998e+03,-8.190359999999999863e-01,8.202203000000000133e-01,5.059261999999999926e-01,7.161426000000000033e-04,5.500000000000000000e+01,1.750408999999999993e-02,3.169693999999999869e+04,1.112421999999999994e-01,0.000000000000000000e+00
2.800000000000000000e+01,8.152288000000000590e-02,-4.623392000000000057e-01,8.829476000000000546e-01,4.000000000000000000e+00,2.600000000000000000e+01,1.000000000000000000e+00,2.400000000000000000e+01,0.000000000000000000e+00,1.274810999999999922e+03,-8.151732000000000422e-01,-8.214464999999999684e-01,-8.053899999999999254e-03,3.062205000000000066e-01,7.900000000000000000e+01,1.750408999999999993e-02,2.930125999999999840e+04,1.108341999999999938e-01,0.000000000000000000e+00
2.800000000000000000e+01,8.152288000000000590e-02,-4.623392000000000057e-01,8.829476000000000546e-01,4.000000000000000000e+00,2.600000000000000000e+01,1.000000000000000000e+00,6.000000000000000000e+00,0.000000000000000000e+00,1.275536000000000058e+03,8.183869999999999756e-01,-8.202618000000000409e-01,-5.063488000000000433e-01,-1.123007999999999992e-03,5.400000000000000000e+01,1.750408999999999993e-02,2.926047000000000116e+04,1.103591000000000016e-01,0.000000000000000000e+00
2.900000000000000000e+01,8.418631000000000031e-02,-4.774442999999999881e-01,8.746196999999999999e-01,4.000000000000000000e+00,2.600000000000000000e+01,1.000000000000000000e+00,2.300000000000000000e+01,0.000000000000000000e+00,1.285288999999999987e+03,8.169395000000000406e-01,8.201768999999999865e-01,-4.015498999999999631e-03,-3.263256999999999963e-01,2.900000000000000000e+01,1.748782000000000114e-02,2.584584999999999854e+04,1.118061000000000055e-01,0.000000000000000000e+00
2.900000000000000000e+01,8.418631000000000031e-02,-4.774442999999999881e-01,8.746196999999999999e-01,4.000000000000000000e+00,2.600000000000000000e+01,1.000000000000000000e+00,1.500000000000000000e+01,0.000000000000000000e+00,1.285653000000000020e+03,-8.177965999999999847e-01,8.170688000000000395e-01,5.041390000000000038e-01,-1.802223999999999840e-02,5.300000000000000000e+01,1.748782000000000114e-02,3.105354000000000087e+04,1.116904999999999981e-01,0.000000000000000000e+00
2.900000000000000000e+01,8.418631000000000031e-02,-4.774442999999999881e-01,8.746196999999999999e-01,4.000000000000000000e+00,2.600000000000000000e+01,1.000000000000000000e+00,2.400000000000000000e+01,0.000000000000000000e+00,1.285095000000000027e+03,-8.168214999999999781e-01,-8.189695999999999643e-01,-7.343386000000000358e-03,3.158245000000000080e-01,7.900000000000000000e+01,1.748782000000000114e-02,2.781450000000000000e+04,1.102236999999999939e-01,0.000000000000000000e+00
2.900000000000000000e+01,8.418631000000000031e-02,-4.774442999999999881e-01,8.746196999999999999e-01,4.000000000000000000e+00,2.600000000000000000e+01,1.000000000000000000e+00,6.000000000000000000e+00,0.000000000000000000e+00,1.285394999999999982e+03,8.178229000000000193e-01,-8.191005000000000091e-01,-5.050791000000000031e-01,1.817223000000000102e-02,5.600000000000000000e+01,1.748782000000000114e-02,3.273236000000000058e+04,1.125445000000000056e-01,0.000000000000000000e+00
3.000000000000000000e+01,8.682409000000000654e-02,-4.924039000000000055e-01,8.660253999999999452e-01,4.000000000000000000e+00,2.600000000000000000e+01,1.000000000000000000e+00,2.300000000000000000e+01,0.000000000000000000e+00,1.295477000000000089e+03,8.170049999999999812e-01,8.190507000000000204e-01,-4.875463000000000019e-03,-3.365903000000000089e-01,2.800000000000000000e+01,1.747187000000000046e-02,3.112877000000000044e+04,1.122097999999999984e-01,0.000000000000000000e+00
3.000000000000000000e+01,8.682409000000000654e-02,-4.924039000000000055e-01,8.660253999999999452e-01,4.000000000000000000e+00,2.600000000000000000e+01,1.000000000000000000e+00,1.500000000000000000e+01,0.000000000000000000e+00,1.296250999999999976e+03,-8.191401999999999850e-01,8.203150000000000164e-01,5.059489000000000347e-01,-3.688274999999999887e-02,5.200000000000000000e+01,1.747187000000000046e-02,3.442116999999999825e+04,1.118770999999999932e-01,0.000000000000000000e+00
3.000000000000000000e+01,8.682409000000000654e-02,-4.924039000000000055e-01,8.660253999999999452e-01,4.000000000000000000e+00,2.600000000000000000e+01,1.000000000000000000e+00,2.400000000000000000e+01,0.000000000000000000e+00,1.295525000000000091e+03,-8.174588999999999883e-01,-8.205966999999999567e-01,-7.930793999999999691e-03,3.262216000000000005e-01,8.000000000000000000e+01,1.747187000000000046e-02,3.052256999999999971e+04,1.122960000000000069e-01,0.000000000000000000e+00
3.000000000000000000e+01,8.682409000000000654e-02,-4.924039000000000055e-01,8.660253999999999452e-01,4.000000000000000000e+00,2.600000000000000000e+01,1.000000000000000000e+00,6.000000000000000000e+00,0.000000000000000000e+00,1.296368999999999915e+03,8.184533000000000502e-01,-8.208868000000000276e-01,-5.071445999999999454e-01,3.606920999999999738e-02,5.700000000000000000e+01,1.747187000000000046e-02,3.279261000000000058e+04,1.142042000000000057e-01,0.000000000000000000e+00
3.100000000000000000e+01,8.943542000000000158e-02,-5.072134999999999838e-01,8.571672999999999654e-01,4.000000000000000000e+00,2.600000000000000000e+01,1.000000000000000000e+00,2.300000000000000000e+01,0.000000000000000000e+00,1.306842000000000098e+03,8.179828000000000099e-01,8.182532999999999612e-01,-3.224098999999999802e-03,-3.446361000000000008e-01,2.800000000000000000e+01,1.745626999999999943e-02,3.192263999999999942e+04,1.137026000000000009e-01,0.000000000000000000e+00
3.100000000000000000e+01,8.943542000000000158e-02,-5.072134999999999838e-01,8.571672999999999654e-01,4.000000000000000000e+00,2.600000000000000000e+01,1.000000000000000000e+00,1.500000000000000000e+01,0.000000000000000000e+00,1.308032999999999902e+03,-8.190526000000000195e-01,8.204213999999999674e-01,5.055235999999999619e-01,-5.606283000000000100e-02,5.000000000000000000e+01,1.745626999999999943e-02,3.200127000000000044e+04,1.161124999999999935e-01,0.000000000000000000e+00
3.100000000000000000e+01,8.943542000000000158e-02,-5.072134999999999838e-01,8.571672999999999654e-01,4.000000000000000000e+00,2.600000000000000000e+01,1.000000000000000000e+00,2.400000000000000000e+01,0.000000000000000000e+00,1.306816000000000031e+03,-8.167168999999999679e-01,-8.196419000000000343e-01,-7.253629999999999627e-03,3.364724000000000048e-01,8.000000000000000000e+01,1.745626999999999943e-02,3.137350999999999840e+04,1.129538999999999960e-01,0.000000000000000000e+00
3.100000000000000000e+01,8.943542000000000158e-02,-5.072134999999999838e-01,8.571672999999999654e-01,4.000000000000000000e+00,2.600000000000000000e+01,1.000000000000000000e+00,6.000000000000000000e+00,0.000000000000000000e+00,1.307986000000000104e+03,8.191787999999999847e-01,-8.213099000000000371e-01,-5.059352999999999767e-01,5.617188000000000042e-02,5.900000000000000000e+01,1.745626999999999943e-02,3.282172000000000116e+04,1.151471000000000022e-01,0.000000000000000000e+00
3.200000000000000000e+01,9.201950999999999881e-02,-5.218686000000000158e-01,8.480480999999999714e-01,4.000000000000000000e+00,2.600000000000000000e+01,1.000000000000000000e+00,2.300000000000000000e+01,0.000000000000000000e+00,1.319057000000000016e+03,8.163936999999999999e-01,8.209686999999999957e-01,-3.975163999999999781e-03,-3.566847000000000212e-01,2.800000000000000000e+01,1.744102000000000152e-02,3.147497000000000116e+04,1.150102999999999959e-01,0.000000000000000000e+00
3.200000000000000000e+01,9.201950999999999881e-02,-5.218686000000000158e-01,8.480480999999999714e-01,4.000000000000000000e+00,2.600000000000000000e+01,1.000000000000000000e+00,1.500000000000000000e+01,0.000000000000000000e+00,1.319955999999999904e+03,-8.187972999999999502e-01,8.197292000000000467e-01,5.063644999999999952e-01,-7.371485999999999317e-02,4.900000000000000000e+01,1.744102000000000152e-02,3.576527999999999884e+04,1.126686999999999966e-01,0.000000000000000000e+00
3.200000000000000000e+01,9.201950999999999881e-02,-5.218686000000000158e-01,8.480480999999999714e-01,4.000000000000000000e+00,2.600000000000000000e+01,1.000000000000000000e+00,2.400000000000000000e+01,0.000000000000000000e+00,1.319012999999999920e+03,-8.178524999999999823e-01,-8.199146999999999963e-01,-5.470667000000000238e-03,3.479900000000000215e-01,8.100000000000000000e+01,1.744102000000000152e-02,3.077274000000000160e+04,1.112588999999999939e-01,0.000000000000000000e+00
3.200000000000000000e+01,9.201950999999999881e-02,-5.218686000000000158e-01,8.480480999999999714e-01,4.000000000000000000e+00,2.600000000000000000e+01,1.000000000000000000e+00,6.000000000000000000e+00,0.000000000000000000e+00,1.319913000000000011e+03,8.177065999999999502e-01,-8.192095999999999822e-01,-5.055465000000000098e-01,7.403698000000000223e-02,6.000000000000000000e+01,1.744102000000000152e-02,3.592213999999999942e+04,1.125827999999999968e-01,0.000000000000000000e+00
3.300000000000000000e+01,9.457558000000000631e-02,-5.363647000000000276e-01,8.386706000000000438e-01,4.000000000000000000e+00,2.600000000000000000e+01,1.000000000000000000e+00,2.300000000000000000e+01,0.000000000000000000e+00,1.331084000000000060e+03,8.178100999999999843e-01,8.174702999999999831e-01,-5.275522000000000371e-03,-3.655417999999999723e-01,2.700000000000000000e+01,1.742615999999999957e-02,3.693665000000000146e+04,1.166192000000000062e-01,0.000000000000000000e+00
3.300000000000000000e+01,9.457558000000000631e-02,-5.363647000000000276e-01,8.386706000000000438e-01,4.000000000000000000e+00,2.600000000000000000e+01,1.000000000000000000e+00,2.400000000000000000e+01,0.000000000000000000e+00,1.331255000000000109e+03,-8.184438000000000546e-01,-8.194683000000000384e-01,-4.025578000000000142e-03,3.587529999999999886e-01,8.100000000000000000e+01,1.742615999999999957e-02,3.646233999999999651e+04,1.185598999999999958e-01,0.000000000000000000e+00
3.400000000000000000e+01,9.710283000000000109e-02,-5.506974999999999509e-01,8.290376000000000412e-01,4.000000000000000000e+00,2.600000000000000000e+01,1.000000000000000000e+00,2.300000000000000000e+01,0.000000000000000000e+00,1.345055000000000064e+03,8.174207000000000001e-01,8.189973999999999865e-01,-3.512836999999999991e-03,-3.745582000000000078e-01,2.700000000000000000e+01,1.741167999999999882e-02,3.519594999999999709e+04,1.204415000000000069e-01,0.000000000000000000e+00
3.400000000000000000e+01,9.710283000000000109e-02,-5.506974999999999509e-01,8.290376000000000412e-01,4.000000000000000000e+00,2.600000000000000000e+01,1.000000000000000000e+00,1.500000000000000000e+01,0.000000000000000000e+00,1.346633000000000038e+03,-8.185213999999999546e-01,8.208069000000000059e-01,5.078778000000000459e-01,-1.104472999999999983e-01,4.600000000000000000e+01,1.741167999999999882e-02,3.917279000000000087e+04,1.178330999999999962e-01,0.000000000000000000e+00
3.400000000000000000e+01,9.710283000000000109e-02,-5.506974999999999509e-01,8.290376000000000412e-01,4.000000000000000000e+00,2.600000000000000000e+01,1.000000000000000000e+00,2.400000000000000000e+01,0.000000000000000000e+00,1.344760999999999967e+03,-8.186974000000000196e-01,-8.202089999999999659e-01,-7.081605999999999838e-03,3.663182999999999856e-01,8.200000000000000000e+01,1.741167999999999882e-02,3.853998999999999796e+04,1.168113999999999958e-01,0.000000000000000000e+00
3.500000000000000000e+01,9.960049999999999459e-02,-5.648625000000000451e-01,8.191519999999999913e-01,4.000000000000000000e+00,2.600000000000000000e+01,1.000000000000000000e+00,2.300000000000000000e+01,0.000000000000000000e+00,1.359145999999999958e+03,8.167969000000000479e-01,8.199912000000000312e-01,-4.120719999999999592e-03,-3.852044000000000024e-01,2.600000000000000000e+01,1.739761999999999906e-02,3.799731999999999971e+04,1.205726000000000020e-01,0.000000000000000000e+00
3.500000000000000000e+01,9.960049999999999459e-02,-5.648625000000000451e-01,8.191519999999999913e-01,4.000000000000000000e+00,2.600000000000000000e+01,1.000000000000000000e+00,2.400000000000000000e+01,0.000000000000000000e+00,1.359326000000000022e+03,-8.192532999999999621e-01,-8.182083999999999468e-01,-3.969616999999999937e-03,3.773254999999999804e-01,8.200000000000000000e+01,1.739761999999999906e-02,3.698872000000000116e+04,1.237840000000000051e-01,0.000000000000000000e+00
3.600000000000000000e+01,1.020678000000000002e-01,-5.788554999999999673e-01,8.090169999999999861e-01,4.000000000000000000e+00,2.600000000000000000e+01,1.000000000000000000e+00,2.300000000000000000e+01,0.000000000000000000e+00,1.374413999999999987e+03,8.168410000000000393e-01,8.214601000000000264e-01,-1.571511000000000045e-03,-3.934047999999999989e-01,2.600000000000000000e+01,1.738396999999999859e-02,3.905837999999999738e+04,1.228381000000000056e-01,0.000000000000000000e+00
3.600000000000000000e+01,1.020678000000000002e-01,-5.788554999999999673e-01,8.090169999999999861e-01,4.000000000000000000e+00,2.600000000000000000e+01,1.000000000000000000e+00,2.400000000000000000e+01,0.000000000000000000e+00,1.374363000000000056e+03,-8.192981999999999765e-01,-8.188684999999999992e-01,-5.731606999999999674e-03,3.857456000000000218e-01,8.200000000000000000e+01,1.738396999999999859e-02,3.872605000000000291e+04,1.268295999999999868e-01,0.000000000000000000e+00
3.700000000000000000e+01,1.045041000000000025e-01,-5.926721000000000350e-01,7.986355000000000537e-01,4.000000000000000000e+00,2.600000000000000000e+01,1.000000000000000000e+00,2.300000000000000000e+01,0.000000000000000000e+00,1.390736000000000104e+03,8.169855999999999785e-01,8.203546999999999922e-01,-3.813162000000000149e-03,-4.038683000000000134e-01,2.600000000000000000e+01,1.737075999999999898e-02,3.886029000000000087e+04,1.262589000000000072e-01,0.000000000000000000e+00
3.700000000000000000e+01,1.045041000000000025e-01,-5.926721000000000350e-01,7.986355000000000537e-01,4.000000000000000000e+00,2.600000000000000000e+01,1.000000000000000000e+00,2.400000000000000000e+01,0.000000000000000000e+00,1.390544000000000096e+03,-8.190410999999999664e-01,-8.192116999999999871e-01,-5.702821000000000279e-03,3.953763000000000138e-01,8.300000000000000000e+01,1.737075999999999898e-02,4.016333999999999651e+04,1.283851000000000020e-01,0.000000000000000000e+00
3.800000000000000000e+01,1.069085000000000035e-01,-6.063081999999999638e-01,7.880108000000000112e-01,4.000000000000000000e+00,2.600000000000000000e+01,1.000000000000000000e+00,2.300000000000000000e+01,0.000000000000000000e+00,1.407884999999999991e+03,8.173122999999999916e-01,8.187590999999999619e-01,-4.663915999999999722e-03,-4.127179999999999738e-01,2.600000000000000000e+01,1.735799999999999843e-02,4.123330999999999767e+04,1.276683999999999874e-01,0.000000000000000000e+00
3.800000000000000000e+01,1.069085000000000035e-01,-6.063081999999999638e-01,7.880108000000000112e-01,4.000000000000000000e+00,2.600000000000000000e+01,1.000000000000000000e+00,2.400000000000000000e+01,0.000000000000000000e+00,1.407902000000000044e+03,-8.191808999999999896e-01,-8.189383999999999553e-01,-5.854467000000000351e-03,4.043382999999999838e-01,8.300000000000000000e+01,1.735799999999999843e-02,3.988604000000000087e+04,1.278803000000000023e-01,0.000000000000000000e+00
3.900000000000000000e+01,1.092802999999999969e-01,-6.197595999999999661e-01,7.771460000000000035e-01,4.000000000000000000e+00,2.600000000000000000e+01,1.000000000000000000e+00,2.300000000000000000e+01,0.000000000000000000e+00,1.426092000000000098e+03,8.201777999999999569e-01,8.172401999999999722e-01,-5.923984999999999668e-03,-4.214669999999999805e-01,2.500000000000000000e+01,1.612983000000000125e-02,4.274215000000000146e+04,1.270152999999999976e-01,0.000000000000000000e+00
3.900000000000000000e+01,1.092802999999999969e-01,-6.197595999999999661e-01,7.771460000000000035e-01,4.000000000000000000e+00,2.600000000000000000e+01,1.000000000000000000e+00,2.400000000000000000e+01,0.000000000000000000e+00,1.426076000000000022e+03,-8.210212000000000065e-01,-8.151732999999999896e-01,-2.740409000000000074e-03,4.133603000000000138e-01,8.300000000000000000e+01,1.612983000000000125e-02,4.262183000000000175e+04,1.275585999999999942e-01,0.000000000000000000e+00
4.000000000000000000e+01,1.116188999999999931e-01,-6.330221999999999793e-01,7.660443999999999587e-01,4.000000000000000000e+00,2.600000000000000000e+01,1.000000000000000000e+00,2.300000000000000000e+01,0.000000000000000000e+00,1.445571999999999889e+03,8.179522000000000181e-01,8.189294000000000295e-01,-3.513730000000000065e-03,-4.297932999999999892e-01,2.500000000000000000e+01,1.579188999999999940e-02,4.332059999999999854e+04,1.320903999999999967e-01,0.000000000000000000e+00
4.000000000000000000e+01,1.116188999999999931e-01,-6.330221999999999793e-01,7.660443999999999587e-01,4.000000000000000000e+00,2.600000000000000000e+01,1.000000000000000000e+00,2.400000000000000000e+01,0.000000000000000000e+00,1.445751999999999953e+03,-8.213808000000000220e-01,-8.148187999999999542e-01,-1.450782999999999977e-03,4.230053999999999759e-01,8.300000000000000000e+01,1.579188999999999940e-02,4.202187000000000262e+04,1.314625000000000099e-01,0.000000000000000000e+00
4.100000000000000000e+01,1.139234999999999970e-01,-6.460919999999999996e-01,7.547095999999999805e-01,4.000000000000000000e+00,2.600000000000000000e+01,1.000000000000000000e+00,2.300000000000000000e+01,0.000000000000000000e+00,1.466508000000000038e+03,8.195938999999999863e-01,8.174696999999999658e-01,-5.917498999999999676e-03,-4.392557000000000267e-01,2.500000000000000000e+01,1.547244000000000050e-02,4.289041999999999825e+04,1.316112999999999866e-01,0.000000000000000000e+00
4.100000000000000000e+01,1.139234999999999970e-01,-6.460919999999999996e-01,7.547095999999999805e-01,4.000000000000000000e+00,2.600000000000000000e+01,1.000000000000000000e+00,2.400000000000000000e+01,0.000000000000000000e+00,1.466346999999999980e+03,-8.217138000000000497e-01,-8.146301000000000236e-01,-1.783012999999999959e-03,4.313679000000000263e-01,8.400000000000000000e+01,1.547244000000000050e-02,4.354976999999999680e+04,1.356013000000000079e-01,0.000000000000000000e+00
4.200000000000000000e+01,1.161932999999999994e-01,-6.589650000000000230e-01,7.431448000000000498e-01,4.000000000000000000e+00,2.600000000000000000e+01,1.000000000000000000e+00,2.300000000000000000e+01,0.000000000000000000e+00,1.488432999999999993e+03,8.184565000000000312e-01,8.173852999999999813e-01,-5.669233000000000085e-03,-4.477421999999999791e-01,2.500000000000000000e+01,1.517018000000000012e-02,4.353784999999999854e+04,1.371362000000000136e-01,0.000000000000000000e+00
4.200000000000000000e+01,1.161932999999999994e-01,-6.589650000000000230e-01,7.431448000000000498e-01,4.000000000000000000e+00,2.600000000000000000e+01,1.000000000000000000e+00,2.400000000000000000e+01,0.000000000000000000e+00,1.488339999999999918e+03,-8.200948000000000127e-01,-8.152104999999999491e-01,-2.759885000000000116e-03,4.398545999999999845e-01,8.400000000000000000e+01,1.517018000000000012e-02,4.443604000000000087e+04,1.360402000000000000e-01,0.000000000000000000e+00
4.300000000000000000e+01,1.184277999999999997e-01,-6.716372999999999927e-01,7.313536999999999955e-01,4.000000000000000000e+00,2.600000000000000000e+01,1.000000000000000000e+00,2.300000000000000000e+01,0.000000000000000000e+00,1.511709000000000060e+03,8.189026000000000360e-01,8.182068999999999592e-01,-4.846945000000000073e-03,-4.561023000000000160e-01,2.500000000000000000e+01,1.488394999999999996e-02,4.345718000000000029e+04,1.421662999999999955e-01,0.000000000000000000e+00
4.300000000000000000e+01,1.184277999999999997e-01,-6.716372999999999927e-01,7.313536999999999955e-01,4.000000000000000000e+00,2.600000000000000000e+01,1.000000000000000000e+00,2.400000000000000000e+01,0.000000000000000000e+00,1.511856999999999971e+03,-8.195601999999999610e-01,-8.156565000000000065e-01,-2.564536999999999980e-03,4.488909999999999845e-01,8.400000000000000000e+01,1.488394999999999996e-02,4.355751999999999680e+04,1.402703999999999895e-01,0.000000000000000000e+00
4.400000000000000000e+01,1.206262000000000029e-01,-6.841049000000000158e-01,7.193397999999999737e-01,4.000000000000000000e+00,2.600000000000000000e+01,1.000000000000000000e+00,2.300000000000000000e+01,0.000000000000000000e+00,1.536459000000000060e+03,8.173021999999999787e-01,8.194249000000000116e-01,-4.042248000000000022e-03,-4.648922999999999806e-01,2.500000000000000000e+01,1.729148999999999964e-02,4.370959999999999854e+04,1.396043999999999896e-01,0.000000000000000000e+00
4.400000000000000000e+01,1.206262000000000029e-01,-6.841049000000000158e-01,7.193397999999999737e-01,4.000000000000000000e+00,2.600000000000000000e+01,1.000000000000000000e+00,2.400000000000000000e+01,0.000000000000000000e+00,1.536614000000000033e+03,-8.189823000000000519e-01,-8.186672000000000393e-01,-4.755627000000000118e-03,4.578426999999999913e-01,8.400000000000000000e+01,1.729148999999999964e-02,4.266472000000000116e+04,1.398013999999999923e-01,0.000000000000000000e+00
4.500000000000000000e+01,1.227878000000000025e-01,-6.963641999999999888e-01,7.071068000000000353e-01,4.000000000000000000e+00,2.600000000000000000e+01,1.000000000000000000e+00,2.300000000000000000e+01,0.000000000000000000e+00,1.562710000000000036e+03,8.173599000000000281e-01,8.202034000000000269e-01,-3.211886000000000168e-03,-4.730696999999999819e-01,2.500000000000000000e+01,1.728218000000000115e-02,4.389836000000000058e+04,1.449838999999999989e-01,0.000000000000000000e+00
4.500000000000000000e+01,1.227878000000000025e-01,-6.963641999999999888e-01,7.071068000000000353e-01,4.000000000000000000e+00,2.600000000000000000e+01,1.000000000000000000e+00,2.400000000000000000e+01,0.000000000000000000e+00,1.562830999999999904e+03,-8.188071999999999573e-01,-8.208026999999999962e-01,-7.286474000000000249e-03,4.658858000000000166e-01,8.400000000000000000e+01,1.728218000000000115e-02,4.304059999999999854e+04,1.449328000000000005e-01,0.000000000000000000e+00
4.600000000000000000e+01,1.249119999999999953e-01,-7.084114000000000244e-01,6.946584000000000092e-01,4.000000000000000000e+00,2.600000000000000000e+01,1.000000000000000000e+00,2.300000000000000000e+01,0.000000000000000000e+00,1.590851000000000113e+03,8.176331999999999489e-01,8.191226000000000340e-01,-3.957895000000000336e-03,-4.808929000000000120e-01,2.500000000000000000e+01,1.727340999999999946e-02,4.263661000000000058e+04,1.478584000000000009e-01,0.000000000000000000e+00
4.600000000000000000e+01,1.249119999999999953e-01,-7.084114000000000244e-01,6.946584000000000092e-01,4.000000000000000000e+00,2.600000000000000000e+01,1.000000000000000000e+00,2.400000000000000000e+01,0.000000000000000000e+00,1.590798999999999978e+03,-8.191380999999999801e-01,-8.190984999999999516e-01,-5.643358999999999702e-03,4.740183000000000035e-01,8.400000000000000000e+01,1.727340999999999946e-02,4.275529000000000087e+04,1.498870999999999953e-01,0.000000000000000000e+00
4.700000000000000000e+01,1.269982000000000055e-01,-7.202427999999999608e-01,6.819984000000000046e-01,4.000000000000000000e+00,2.600000000000000000e+01,1.000000000000000000e+00,2.300000000000000000e+01,0.000000000000000000e+00,1.620477000000000089e+03,8.174856999999999818e-01,8.219750999999999586e-01,-6.798554999999999963e-04,-4.886660999999999921e-01,2.500000000000000000e+01,1.726518000000000150e-02,4.249773999999999796e+04,1.555553000000000075e-01,0.000000000000000000e+00
4.700000000000000000e+01,1.269982000000000055e-01,-7.202427999999999608e-01,6.819984000000000046e-01,4.000000000000000000e+00,2.600000000000000000e+01,1.000000000000000000e+00,2.400000000000000000e+01,0.000000000000000000e+00,1.620654999999999973e+03,-8.188862999999999559e-01,-8.208336999999999994e-01,-7.195952000000000251e-03,4.822949000000000264e-01,8.400000000000000000e+01,1.726518000000000150e-02,4.177283000000000175e+04,1.531916000000000111e-01,0.000000000000000000e+00
4.800000000000000000e+01,1.290457000000000132e-01,-7.318548000000000275e-01,6.691306000000000198e-01,4.000000000000000000e+00,2.600000000000000000e+01,1.000000000000000000e+00,2.300000000000000000e+01,0.000000000000000000e+00,1.652674999999999955e+03,8.203293999999999864e-01,8.162922999999999707e-01,-7.352593000000000149e-03,-4.964671999999999974e-01,2.500000000000000000e+01,1.375409000000000007e-02,4.120555000000000291e+04,1.578857999999999928e-01,0.000000000000000000e+00
4.800000000000000000e+01,1.290457000000000132e-01,-7.318548000000000275e-01,6.691306000000000198e-01,4.000000000000000000e+00,2.600000000000000000e+01,1.000000000000000000e+00,2.400000000000000000e+01,0.000000000000000000e+00,1.652718000000000075e+03,-8.187372000000000538e-01,-8.190549999999999775e-01,-5.463179999999999772e-03,4.901191999999999771e-01,8.400000000000000000e+01,1.375409000000000007e-02,4.076155000000000291e+04,1.575541000000000025e-01,0.000000000000000000e+00
4.900000000000000000e+01,1.310539000000000009e-01,-7.432438000000000100e-01,6.560589999999999478e-01,4.000000000000000000e+00,2.600000000000000000e+01,1.000000000000000000e+00,2.300000000000000000e+01,0.000000000000000000e+00,1.686087999999999965e+03,8.198889000000000316e-01,8.153095000000000203e-01,-8.645481999999999473e-03,-5.041959999999999775e-01,2.500000000000000000e+01,1.353972999999999982e-02,4.075863999999999942e+04,1.602165000000000117e-01,0.000000000000000000e+00
4.900000000000000000e+01,1.310539000000000009e-01,-7.432438000000000100e-01,6.560589999999999478e-01,4.000000000000000000e+00,2.600000000000000000e+01,1.000000000000000000e+00,2.400000000000000000e+01,0.000000000000000000e+00,1.686182000000000016e+03,-8.195571999999999857e-01,-8.177577000000000318e-01,-3.490404999999999810e-03,4.980973000000000206e-01,8.400000000000000000e+01,1.353972999999999982e-02,4.023669999999999709e+04,1.598968000000000056e-01,0.000000000000000000e+00
5.000000000000000000e+01,1.330222000000000071e-01,-7.544064999999999799e-01,6.427876000000000145e-01,4.000000000000000000e+00,2.600000000000000000e+01,1.000000000000000000e+00,2.300000000000000000e+01,0.000000000000000000e+00,1.721540999999999940e+03,8.194051999999999447e-01,8.170058999999999516e-01,-7.146615999999999733e-03,-5.119491999999999932e-01,2.500000000000000000e+01,1.333585999999999973e-02,4.077818000000000029e+04,1.627711000000000019e-01,0.000000000000000000e+00
5.000000000000000000e+01,1.330222000000000071e-01,-7.544064999999999799e-01,6.427876000000000145e-01,4.000000000000000000e+00,2.600000000000000000e+01,1.000000000000000000e+00,2.400000000000000000e+01,0.000000000000000000e+00,1.721645999999999958e+03,-8.195137999999999590e-01,-8.188828999999999692e-01,-6.480589000000000141e-03,5.045914000000000232e-01,8.300000000000000000e+01,1.333585999999999973e-02,3.977869999999999709e+04,1.621100000000000041e-01,0.000000000000000000e+00
5.200000000000000000e+01,1.368366000000000027e-01,-7.760390999999999817e-01,6.156614999999999727e-01,4.000000000000000000e+00,2.600000000000000000e+01,1.000000000000000000e+00,2.300000000000000000e+01,0.000000000000000000e+00,1.798773999999999887e+03,8.187202000000000091e-01,8.170323999999999920e-01,-5.534876999999999679e-03,-5.254258000000000539e-01,2.600000000000000000e+01,1.288159000000000005e-02,4.195538999999999942e+04,1.686112999999999917e-01,0.000000000000000000e+00
5.200000000000000000e+01,1.368366000000000027e-01,-7.760390999999999817e-01,6.156614999999999727e-01,4.000000000000000000e+00,2.600000000000000000e+01,1.000000000000000000e+00,2.400000000000000000e+01,0.000000000000000000e+00,1.798566000000000031e+03,-8.199231000000000158e-01,-8.195483999999999547e-01,-6.230666999999999629e-03,5.199700999999999906e-01,8.300000000000000000e+01,1.288159000000000005e-02,4.244144999999999709e+04,1.700614000000000015e-01,0.000000000000000000e+00
5.300000000000000000e+01,1.386815999999999882e-01,-7.865024000000000459e-01,6.018149999999999888e-01,4.000000000000000000e+00,2.600000000000000000e+01,1.000000000000000000e+00,2.300000000000000000e+01,0.000000000000000000e+00,1.840773999999999887e+03,8.186890000000000001e-01,8.194907999999999637e-01,-2.927054000000000114e-03,-5.327560000000000073e-01,2.600000000000000000e+01,1.271021999999999950e-02,4.393212000000000262e+04,1.748921999999999977e-01,0.000000000000000000e+00
5.300000000000000000e+01,1.386815999999999882e-01,-7.865024000000000459e-01,6.018149999999999888e-01,4.000000000000000000e+00,2.600000000000000000e+01,1.000000000000000000e+00,2.400000000000000000e+01,0.000000000000000000e+00,1.840614000000000033e+03,-8.202538999999999803e-01,-8.198113000000000206e-01,-6.442446999999999584e-03,5.271523000000000181e-01,8.300000000000000000e+01,1.271021999999999950e-02,4.456291999999999825e+04,1.734390000000000098e-01,0.000000000000000000e+00
5.400000000000000000e+01,1.404843000000000064e-01,-7.967262000000000510e-01,5.877852999999999550e-01,4.000000000000000000e+00,2.600000000000000000e+01,1.000000000000000000e+00,2.300000000000000000e+01,0.000000000000000000e+00,1.885468000000000075e+03,8.202450000000000019e-01,8.198092999999999630e-01,-2.684451999999999932e-03,-5.395098999999999867e-01,2.600000000000000000e+01,1.254712000000000015e-02,4.690387999999999738e+04,1.780123000000000122e-01,0.000000000000000000e+00
5.400000000000000000e+01,1.404843000000000064e-01,-7.967262000000000510e-01,5.877852999999999550e-01,4.000000000000000000e+00,2.600000000000000000e+01,1.000000000000000000e+00,2.400000000000000000e+01,0.000000000000000000e+00,1.885250000000000000e+03,-8.183259999999999978e-01,-8.153766999999999543e-01,-1.714910999999999953e-03,5.336619999999999697e-01,8.200000000000000000e+01,1.254712000000000015e-02,4.739727999999999884e+04,1.791706999999999883e-01,0.000000000000000000e+00
5.500000000000000000e+01,1.422442999999999902e-01,-8.067073000000000160e-01,5.735763999999999863e-01,4.000000000000000000e+00,2.600000000000000000e+01,1.000000000000000000e+00,2.300000000000000000e+01,0.000000000000000000e+00,1.932902000000000044e+03,8.191154000000000490e-01,8.168801999999999452e-01,-6.656763999999999910e-03,-5.462869000000000197e-01,2.700000000000000000e+01,1.239187999999999922e-02,5.106681999999999971e+04,1.808247000000000049e-01,0.000000000000000000e+00
5.500000000000000000e+01,1.422442999999999902e-01,-8.067073000000000160e-01,5.735763999999999863e-01,4.000000000000000000e+00,2.600000000000000000e+01,1.000000000000000000e+00,2.400000000000000000e+01,0.000000000000000000e+00,1.933057000000000016e+03,-8.197661000000000531e-01,-8.170595999999999970e-01,-3.266139999999999842e-03,5.406474999999999476e-01,8.200000000000000000e+01,1.239187999999999922e-02,5.045591999999999825e+04,1.795978000000000019e-01,0.000000000000000000e+00
5.600000000000000000e+01,1.439609000000000028e-01,-8.164426000000000183e-01,5.591928999999999927e-01,4.000000000000000000e+00,2.600000000000000000e+01,1.000000000000000000e+00,2.300000000000000000e+01,0.000000000000000000e+00,1.983750000000000000e+03,8.202722999999999542e-01,8.161369000000000540e-01,-8.382588999999999319e-03,-5.529292999999999569e-01,2.700000000000000000e+01,1.224412000000000070e-02,5.544806999999999971e+04,1.831531000000000131e-01,0.000000000000000000e+00
5.600000000000000000e+01,1.439609000000000028e-01,-8.164426000000000183e-01,5.591928999999999927e-01,4.000000000000000000e+00,2.600000000000000000e+01,1.000000000000000000e+00,2.400000000000000000e+01,0.000000000000000000e+00,1.983890000000000100e+03,-8.196643999999999597e-01,-8.164384999999999559e-01,-1.857420999999999942e-03,5.475368999999999930e-01,8.200000000000000000e+01,1.224412000000000070e-02,5.523018000000000029e+04,1.821580999999999895e-01,0.000000000000000000e+00
5.700000000000000000e+01,1.456336000000000019e-01,-8.259292999999999774e-01,5.446389999999999842e-01,4.000000000000000000e+00,2.600000000000000000e+01,1.000000000000000000e+00,2.300000000000000000e+01,0.000000000000000000e+00,2.038507000000000062e+03,8.192426999999999904e-01,8.166284999999999794e-01,-8.079183000000000198e-03,-5.595683999999999658e-01,2.700000000000000000e+01,1.210347999999999979e-02,6.056105999999999767e+04,1.862199999999999966e-01,0.000000000000000000e+00
5.700000000000000000e+01,1.456336000000000019e-01,-8.259292999999999774e-01,5.446389999999999842e-01,4.000000000000000000e+00,2.600000000000000000e+01,1.000000000000000000e+00,2.400000000000000000e+01,0.000000000000000000e+00,2.038402000000000044e+03,-8.189075000000000104e-01,-8.178223000000000020e-01,-4.571002999999999698e-03,5.537134000000000222e-01,8.200000000000000000e+01,1.210347999999999979e-02,6.040911000000000058e+04,1.876391000000000031e-01,0.000000000000000000e+00
5.800000000000000000e+01,1.472620000000000040e-01,-8.351642999999999706e-01,5.299192999999999820e-01,4.000000000000000000e+00,2.600000000000000000e+01,1.000000000000000000e+00,2.300000000000000000e+01,0.000000000000000000e+00,2.097483000000000175e+03,8.184126999999999930e-01,8.196501999999999954e-01,-1.719976000000000014e-03,-5.649330000000000185e-01,2.600000000000000000e+01,1.196964000000000014e-02,6.555038000000000466e+04,1.931969000000000047e-01,0.000000000000000000e+00
5.800000000000000000e+01,1.472620000000000040e-01,-8.351642999999999706e-01,5.299192999999999820e-01,4.000000000000000000e+00,2.600000000000000000e+01,1.000000000000000000e+00,2.400000000000000000e+01,0.000000000000000000e+00,2.097148000000000138e+03,-8.200420999999999960e-01,-8.194593000000000016e-01,-8.508371000000000683e-03,5.591133999999999826e-01,8.300000000000000000e+01,1.196964000000000014e-02,6.812332000000000698e+04,1.958664999999999989e-01,0.000000000000000000e+00
5.900000000000000000e+01,1.488454999999999917e-01,-8.441450000000000342e-01,5.150381000000000542e-01,4.000000000000000000e+00,2.600000000000000000e+01,1.000000000000000000e+00,2.300000000000000000e+01,0.000000000000000000e+00,2.161253999999999905e+03,8.180475000000000385e-01,8.183496000000000103e-01,-6.713615000000000034e-03,-5.725008000000000319e-01,2.600000000000000000e+01,1.184230000000000005e-02,7.185688000000000466e+04,2.013319000000000081e-01,0.000000000000000000e+00
5.900000000000000000e+01,1.488454999999999917e-01,-8.441450000000000342e-01,5.150381000000000542e-01,4.000000000000000000e+00,2.600000000000000000e+01,1.000000000000000000e+00,2.400000000000000000e+01,0.000000000000000000e+00,2.161856000000000222e+03,-8.193483999999999767e-01,-8.172996999999999623e-01,-2.995069999999999850e-03,5.664204999999999934e-01,8.300000000000000000e+01,1.184230000000000005e-02,6.890297999999999593e+04,1.977886000000000088e-01,0.000000000000000000e+00
6.000000000000000000e+01,1.503837000000000090e-01,-8.528685000000000294e-01,5.000000000000000000e-01,4.000000000000000000e+00,2.600000000000000000e+01,1.000000000000000000e+00,2.300000000000000000e+01,0.000000000000000000e+00,2.231152999999999793e+03,8.198315999999999937e-01,8.178252000000000299e-01,-3.599667999999999878e-03,-5.760079000000000171e-01,2.500000000000000000e+01,1.172116999999999951e-02,7.561617999999999302e+04,2.026629000000000069e-01,0.000000000000000000e+00
6.000000000000000000e+01,1.503837000000000090e-01,-8.528685000000000294e-01,5.000000000000000000e-01,4.000000000000000000e+00,2.600000000000000000e+01,1.000000000000000000e+00,2.400000000000000000e+01,0.000000000000000000e+00,2.230708999999999833e+03,-8.177501999999999827e-01,-8.160817000000000210e-01,1.082152000000000070e-03,5.735751999999999517e-01,8.300000000000000000e+01,1.172116999999999951e-02,7.811083000000000175e+04,2.088181000000000065e-01,0.000000000000000000e+00
6.100000000000000000e+01,1.518761000000000139e-01,-8.613323000000000507e-01,4.848096000000000072e-01,4.000000000000000000e+00,2.600000000000000000e+01,1.000000000000000000e+00,2.300000000000000000e+01,0.000000000000000000e+00,2.307820000000000164e+03,8.177902000000000227e-01,8.182888000000000384e-01,-4.948140999999999651e-03,-5.830146999999999968e-01,2.500000000000000000e+01,1.160599000000000006e-02,7.507513999999999942e+04,2.034111999999999865e-01,0.000000000000000000e+00
6.100000000000000000e+01,1.518761000000000139e-01,-8.613323000000000507e-01,4.848096000000000072e-01,4.000000000000000000e+00,2.600000000000000000e+01,1.000000000000000000e+00,2.400000000000000000e+01,0.000000000000000000e+00,2.307931999999999789e+03,-8.197352999999999446e-01,-8.173512000000000555e-01,-3.686668000000000150e-03,5.777253999999999445e-01,8.400000000000000000e+01,1.160599000000000006e-02,7.498252999999999884e+04,2.021572000000000091e-01,0.000000000000000000e+00
6.200000000000000000e+01,1.533221999999999918e-01,-8.695336000000000176e-01,4.694715999999999889e-01,4.000000000000000000e+00,2.600000000000000000e+01,1.000000000000000000e+00,2.300000000000000000e+01,0.000000000000000000e+00,2.391778999999999996e+03,8.161654999999999882e-01,8.166801000000000199e-01,-1.017627999999999935e-02,-5.897719999999999629e-01,2.500000000000000000e+01,1.149652999999999960e-02,7.761427999999999884e+04,2.177091999999999916e-01,0.000000000000000000e+00
6.200000000000000000e+01,1.533221999999999918e-01,-8.695336000000000176e-01,4.694715999999999889e-01,4.000000000000000000e+00,2.600000000000000000e+01,1.000000000000000000e+00,2.400000000000000000e+01,0.000000000000000000e+00,2.392079999999999927e+03,-8.179910000000000236e-01,-8.178687999999999514e-01,-3.191597000000000010e-03,5.842498999999999887e-01,8.400000000000000000e+01,1.149652999999999960e-02,7.367122999999999593e+04,2.142318000000000000e-01,0.000000000000000000e+00
6.300000000000000000e+01,1.547216999999999898e-01,-8.774701000000000306e-01,4.539905000000000190e-01,4.000000000000000000e+00,2.600000000000000000e+01,1.000000000000000000e+00,2.300000000000000000e+01,0.000000000000000000e+00,2.485045000000000073e+03,8.195654999999999468e-01,8.192026000000000030e-01,-1.242685000000000100e-03,-5.925854000000000399e-01,2.400000000000000000e+01,1.139253999999999961e-02,6.656617999999999302e+04,2.267955000000000110e-01,0.000000000000000000e+00
6.300000000000000000e+01,1.547216999999999898e-01,-8.774701000000000306e-01,4.539905000000000190e-01,4.000000000000000000e+00,2.600000000000000000e+01,1.000000000000000000e+00,2.400000000000000000e+01,0.000000000000000000e+00,2.483882000000000062e+03,-8.200633999999999979e-01,-8.182738000000000511e-01,-7.980947000000000388e-03,5.875059000000000253e-01,8.500000000000000000e+01,1.139253999999999961e-02,7.160316000000000349e+04,2.362893000000000077e-01,0.000000000000000000e+00
6.400000000000000000e+01,1.560738999999999876e-01,-8.851392999999999622e-01,4.383711000000000135e-01,4.000000000000000000e+00,2.600000000000000000e+01,1.000000000000000000e+00,2.300000000000000000e+01,0.000000000000000000e+00,2.586311999999999898e+03,8.172800000000000065e-01,8.194023000000000279e-01,-3.737377999999999968e-03,-5.993675000000000530e-01,2.400000000000000000e+01,1.129383999999999943e-02,5.629666999999999825e+04,2.333651999999999949e-01,0.000000000000000000e+00
6.400000000000000000e+01,1.560738999999999876e-01,-8.851392999999999622e-01,4.383711000000000135e-01,4.000000000000000000e+00,2.600000000000000000e+01,1.000000000000000000e+00,2.400000000000000000e+01,0.000000000000000000e+00,2.586527000000000044e+03,-8.195594000000000490e-01,-8.167280999999999569e-01,-2.156339000000000172e-03,5.940609999999999502e-01,8.500000000000000000e+01,1.129383999999999943e-02,5.545394999999999709e+04,2.321151999999999938e-01,0.000000000000000000e+00
6.500000000000000000e+01,1.573787000000000103e-01,-8.925389000000000239e-01,4.226183000000000023e-01,4.000000000000000000e+00,2.600000000000000000e+01,1.000000000000000000e+00,2.300000000000000000e+01,0.000000000000000000e+00,2.697838000000000193e+03,8.184721999999999831e-01,8.176754999999999995e-01,-5.992120000000000085e-03,-6.035295000000000520e-01,2.300000000000000000e+01,1.120020000000000043e-02,4.072181999999999971e+04,2.347742999999999913e-01,0.000000000000000000e+00
6.500000000000000000e+01,1.573787000000000103e-01,-8.925389000000000239e-01,4.226183000000000023e-01,4.000000000000000000e+00,2.600000000000000000e+01,1.000000000000000000e+00,2.400000000000000000e+01,0.000000000000000000e+00,2.697398999999999887e+03,-8.204496000000000011e-01,-8.192281999999999620e-01,-8.088365000000000138e-03,5.986534999999999496e-01,8.500000000000000000e+01,1.120020000000000043e-02,4.166769000000000233e+04,2.386855999999999978e-01,0.000000000000000000e+00
6.600000000000000000e+01,1.586355000000000126e-01,-8.996665999999999830e-01,4.067366000000000037e-01,4.000000000000000000e+00,2.600000000000000000e+01,1.000000000000000000e+00,2.300000000000000000e+01,0.000000000000000000e+00,2.817411999999999807e+03,8.182623999999999453e-01,8.185244000000000408e-01,-6.967845999999999762e-03,-6.094277000000000166e-01,2.300000000000000000e+01,1.111147000000000003e-02,2.605961999999999898e+04,2.625170000000000003e-01,0.000000000000000000e+00
6.600000000000000000e+01,1.586355000000000126e-01,-8.996665999999999830e-01,4.067366000000000037e-01,4.000000000000000000e+00,2.600000000000000000e+01,1.000000000000000000e+00,2.400000000000000000e+01,0.000000000000000000e+00,2.817474000000000160e+03,-8.166415000000000202e-01,-8.173494999999999511e-01,1.170863000000000069e-03,6.062699999999999756e-01,8.600000000000000000e+01,1.111147000000000003e-02,2.441177000000000044e+04,2.571155999999999997e-01,0.000000000000000000e+00
6.800000000000000000e+01,1.610038000000000025e-01,-9.130977999999999595e-01,3.746066000000000118e-01,4.000000000000000000e+00,2.600000000000000000e+01,1.000000000000000000e+00,4.800000000000000000e+01,0.000000000000000000e+00,3.080422000000000025e+03,-8.454631999999999703e-01,-8.227824000000000249e-01,-1.016655999999999949e-01,5.770733999999999586e-01,8.400000000000000000e+01,1.094801999999999928e-02,3.686323000000000320e+04,2.753306999999999838e-01,0.000000000000000000e+00
6.900000000000000000e+01,1.621144999999999947e-01,-9.193972000000000255e-01,3.583679000000000170e-01,4.000000000000000000e+00,2.600000000000000000e+01,1.000000000000000000e+00,4.900000000000000000e+01,0.000000000000000000e+00,3.218965000000000146e+03,7.895769999999999733e-01,8.163802000000000003e-01,-1.161967000000000000e-01,-6.642168999999999990e-01,2.000000000000000000e+01,1.087301000000000066e-02,8.972867999999999302e+04,2.982709000000000055e-01,0.000000000000000000e+00
6.900000000000000000e+01,1.621144999999999947e-01,-9.193972000000000255e-01,3.583679000000000170e-01,4.000000000000000000e+00,2.600000000000000000e+01,1.000000000000000000e+00,4.800000000000000000e+01,0.000000000000000000e+00,3.219019999999999982e+03,-8.467082000000000219e-01,-8.219338000000000477e-01,-1.221171000000000062e-01,5.746571000000000318e-01,8.400000000000000000e+01,1.087301000000000066e-02,9.020663999999999942e+04,2.992079999999999740e-01,0.000000000000000000e+00
6.900000000000000000e+01,1.621144999999999947e-01,-9.193972000000000255e-01,3.583679000000000170e-01,4.000000000000000000e+00,2.600000000000000000e+01,1.000000000000000000e+00,5.000000000000000000e+01,0.000000000000000000e+00,3.219099999999999909e+03,-7.903215999999999575e-01,-8.157704000000000066e-01,1.103360000000000035e-01,6.614352999999999483e-01,8.900000000000000000e+01,1.087301000000000066e-02,9.401691999999999825e+04,2.998985000000000123e-01,0.000000000000000000e+00
7.000000000000000000e+01,1.631759000000000126e-01,-9.254166000000000336e-01,3.420200999999999936e-01,4.000000000000000000e+00,2.600000000000000000e+01,1.000000000000000000e+00,5.100000000000000000e+01,0.000000000000000000e+00,3.383592000000000098e+03,8.198476999999999570e-01,8.195069999999999855e-01,2.426305000000000128e-03,-6.237760999999999445e-01,2.200000000000000000e+01,1.080229000000000085e-02,-8.585225000000000364e+03,2.818413000000000168e-01,0.000000000000000000e+00
7.100000000000000000e+01,1.641875999999999891e-01,-9.311540000000000372e-01,3.255681999999999743e-01,4.000000000000000000e+00,2.600000000000000000e+01,1.000000000000000000e+00,5.400000000000000000e+01,0.000000000000000000e+00,3.545163000000000011e+03,-8.178583000000000380e-01,-8.189410999999999774e-01,-2.657417000000000242e-04,6.281915999999999611e-01,8.700000000000000000e+01,1.073573000000000062e-02,2.003497999999999956e+04,3.092683999999999989e-01,0.000000000000000000e+00
7.200000000000000000e+01,1.651491999999999960e-01,-9.366077999999999903e-01,3.090169999999999861e-01,4.000000000000000000e+00,2.600000000000000000e+01,1.000000000000000000e+00,5.400000000000000000e+01,0.000000000000000000e+00,3.714215000000000146e+03,-8.197959999999999692e-01,-8.177008000000000054e-01,-1.058880000000000064e-02,6.272041999999999895e-01,8.700000000000000000e+01,1.067322000000000062e-02,1.208225000000000000e+05,3.732274999999999898e-01,0.000000000000000000e+00
