min F=100; num_slices=100; num_pts=200
angle,B_x,B_y,B_z,band number,Wien2k band number,spin dirn,branch,area [Angstrom^-2],freq [T],k_x,k_y,k_z,k_parallel,slicenum,inplane dk (Angstrom^-1),dF/dkpara^2,mass (m_e),df/dM [T/(mu_B/f.u.)]
3.600000000000000000e+01,1.020678000000000002e-01,-5.788554999999999673e-01,8.090169999999999861e-01,3.000000000000000000e+00,2.500000000000000000e+01,1.000000000000000000e+00,3.800000000000000000e+01,0.000000000000000000e+00,2.773010999999999967e+03,8.193981000000000181e-01,8.213312999999999864e-01,5.014125000000000387e-01,1.385331000000000062e-02,5.500000000000000000e+01,1.738396999999999859e-02,4.212069000000000415e+03,1.775886000000000131e-01,0.000000000000000000e+00
3.600000000000000000e+01,1.020678000000000002e-01,-5.788554999999999673e-01,8.090169999999999861e-01,3.000000000000000000e+00,2.500000000000000000e+01,1.000000000000000000e+00,4.500000000000000000e+01,0.000000000000000000e+00,2.773139000000000124e+03,-8.214559999999999640e-01,-8.226763999999999744e-01,-5.051236000000000059e-01,-1.628705000000000083e-02,5.300000000000000000e+01,1.738396999999999859e-02,3.585789000000000215e+03,1.776029000000000080e-01,0.000000000000000000e+00
3.600000000000000000e+01,1.020678000000000002e-01,-5.788554999999999673e-01,8.090169999999999861e-01,3.000000000000000000e+00,2.500000000000000000e+01,1.000000000000000000e+00,4.600000000000000000e+01,0.000000000000000000e+00,2.778547000000000025e+03,8.140068999999999777e-01,-8.218718000000000412e-01,5.891114999999999720e-03,5.635949000000000098e-01,9.500000000000000000e+01,1.738396999999999859e-02,1.655421000000000049e+03,1.779494000000000076e-01,0.000000000000000000e+00
3.700000000000000000e+01,1.045041000000000025e-01,-5.926721000000000350e-01,7.986355000000000537e-01,3.000000000000000000e+00,2.500000000000000000e+01,1.000000000000000000e+00,3.800000000000000000e+01,0.000000000000000000e+00,2.804751999999999953e+03,8.190954999999999764e-01,8.196248999999999896e-01,5.004271999999999609e-01,-5.111022000000000004e-04,5.400000000000000000e+01,1.737075999999999898e-02,4.704337999999999738e+03,1.802904999999999924e-01,0.000000000000000000e+00
3.700000000000000000e+01,1.045041000000000025e-01,-5.926721000000000350e-01,7.986355000000000537e-01,3.000000000000000000e+00,2.500000000000000000e+01,1.000000000000000000e+00,4.700000000000000000e+01,0.000000000000000000e+00,2.809963999999999942e+03,-8.181465999999999461e-01,8.197845999999999744e-01,2.878317000000000245e-04,-5.711332000000000075e-01,1.400000000000000000e+01,1.737075999999999898e-02,3.649927000000000135e+03,1.802095999999999976e-01,0.000000000000000000e+00
3.700000000000000000e+01,1.045041000000000025e-01,-5.926721000000000350e-01,7.986355000000000537e-01,3.000000000000000000e+00,2.500000000000000000e+01,1.000000000000000000e+00,4.500000000000000000e+01,0.000000000000000000e+00,2.804751000000000204e+03,-8.215031000000000416e-01,-8.212719000000000547e-01,-5.109958999999999474e-01,-7.205007999999999725e-03,5.400000000000000000e+01,1.737075999999999898e-02,4.666300000000000182e+03,1.804054999999999964e-01,0.000000000000000000e+00
3.700000000000000000e+01,1.045041000000000025e-01,-5.926721000000000350e-01,7.986355000000000537e-01,3.000000000000000000e+00,2.500000000000000000e+01,1.000000000000000000e+00,4.600000000000000000e+01,0.000000000000000000e+00,2.810034000000000106e+03,8.175324999999999953e-01,-8.183683000000000485e-01,5.340546000000000485e-04,5.708860999999999519e-01,9.500000000000000000e+01,1.737075999999999898e-02,3.319443000000000211e+03,1.808923000000000059e-01,0.000000000000000000e+00
3.800000000000000000e+01,1.069085000000000035e-01,-6.063081999999999638e-01,7.880108000000000112e-01,3.000000000000000000e+00,2.500000000000000000e+01,1.000000000000000000e+00,3.800000000000000000e+01,0.000000000000000000e+00,2.838324999999999818e+03,8.190479999999999983e-01,8.197927000000000408e-01,5.033864000000000116e-01,-1.280996000000000044e-02,5.400000000000000000e+01,1.735799999999999843e-02,6.209637999999999920e+03,1.830429000000000084e-01,0.000000000000000000e+00
3.800000000000000000e+01,1.069085000000000035e-01,-6.063081999999999638e-01,7.880108000000000112e-01,3.000000000000000000e+00,2.500000000000000000e+01,1.000000000000000000e+00,4.700000000000000000e+01,0.000000000000000000e+00,2.843322999999999865e+03,-8.191684999999999661e-01,8.186265000000000347e-01,1.417551999999999875e-04,-5.838044000000000011e-01,1.400000000000000000e+01,1.735799999999999843e-02,5.991404000000000451e+03,1.824072999999999944e-01,0.000000000000000000e+00
3.800000000000000000e+01,1.069085000000000035e-01,-6.063081999999999638e-01,7.880108000000000112e-01,3.000000000000000000e+00,2.500000000000000000e+01,1.000000000000000000e+00,4.500000000000000000e+01,0.000000000000000000e+00,2.838244999999999891e+03,-8.204553999999999458e-01,-8.206843000000000332e-01,-5.137815999999999494e-01,5.008575999999999827e-03,5.500000000000000000e+01,1.735799999999999843e-02,7.047560999999999694e+03,1.819069000000000103e-01,0.000000000000000000e+00
3.800000000000000000e+01,1.069085000000000035e-01,-6.063081999999999638e-01,7.880108000000000112e-01,3.000000000000000000e+00,2.500000000000000000e+01,1.000000000000000000e+00,4.600000000000000000e+01,0.000000000000000000e+00,2.843318000000000211e+03,8.160524999999999585e-01,-8.201977999999999769e-01,-6.999168999999999530e-04,5.839841000000000060e-01,9.500000000000000000e+01,1.735799999999999843e-02,6.040204999999999927e+03,1.820854000000000084e-01,0.000000000000000000e+00
3.900000000000000000e+01,1.092802999999999969e-01,-6.197595999999999661e-01,7.771460000000000035e-01,3.000000000000000000e+00,2.500000000000000000e+01,1.000000000000000000e+00,4.700000000000000000e+01,0.000000000000000000e+00,2.879105000000000018e+03,-8.203825999999999619e-01,8.164708999999999994e-01,-2.931327000000000065e-03,-5.979453999999999603e-01,1.300000000000000000e+01,1.612983000000000125e-02,7.459524000000000342e+03,1.849715000000000109e-01,0.000000000000000000e+00
3.900000000000000000e+01,1.092802999999999969e-01,-6.197595999999999661e-01,7.771460000000000035e-01,3.000000000000000000e+00,2.500000000000000000e+01,1.000000000000000000e+00,3.800000000000000000e+01,0.000000000000000000e+00,2.874063999999999851e+03,8.201895999999999631e-01,8.205432999999999755e-01,5.016964000000000423e-01,-2.901768000000000056e-02,5.300000000000000000e+01,1.612983000000000125e-02,9.405381999999999607e+03,1.851611999999999980e-01,0.000000000000000000e+00
3.900000000000000000e+01,1.092802999999999969e-01,-6.197595999999999661e-01,7.771460000000000035e-01,3.000000000000000000e+00,2.500000000000000000e+01,1.000000000000000000e+00,4.500000000000000000e+01,0.000000000000000000e+00,2.874262999999999920e+03,-8.183601000000000347e-01,-8.200743999999999811e-01,-5.135064999999999769e-01,1.974884999999999835e-02,5.600000000000000000e+01,1.612983000000000125e-02,8.419415000000000873e+03,1.852720999999999951e-01,0.000000000000000000e+00
3.900000000000000000e+01,1.092802999999999969e-01,-6.197595999999999661e-01,7.771460000000000035e-01,3.000000000000000000e+00,2.500000000000000000e+01,1.000000000000000000e+00,4.600000000000000000e+01,0.000000000000000000e+00,2.879101000000000113e+03,8.213483999999999785e-01,-8.169621999999999717e-01,-1.854806000000000076e-03,5.946358999999999950e-01,9.600000000000000000e+01,1.612983000000000125e-02,7.584185999999999694e+03,1.854253999999999902e-01,0.000000000000000000e+00
4.000000000000000000e+01,1.116188999999999931e-01,-6.330221999999999793e-01,7.660443999999999587e-01,3.000000000000000000e+00,2.500000000000000000e+01,1.000000000000000000e+00,4.700000000000000000e+01,0.000000000000000000e+00,2.916695000000000164e+03,-8.177288000000000334e-01,8.175054000000000487e-01,-9.698728999999999684e-04,-6.095159999999999467e-01,1.300000000000000000e+01,1.579188999999999940e-02,9.586977000000000771e+03,1.874984000000000095e-01,0.000000000000000000e+00
4.000000000000000000e+01,1.116188999999999931e-01,-6.330221999999999793e-01,7.660443999999999587e-01,3.000000000000000000e+00,2.500000000000000000e+01,1.000000000000000000e+00,3.800000000000000000e+01,0.000000000000000000e+00,2.911938999999999851e+03,8.198056000000000232e-01,8.177178000000000502e-01,4.992866000000000248e-01,-4.365200000000000330e-02,5.200000000000000000e+01,1.579188999999999940e-02,1.119438999999999942e+04,1.883159000000000083e-01,0.000000000000000000e+00
4.000000000000000000e+01,1.116188999999999931e-01,-6.330221999999999793e-01,7.660443999999999587e-01,3.000000000000000000e+00,2.500000000000000000e+01,1.000000000000000000e+00,4.500000000000000000e+01,0.000000000000000000e+00,2.911996999999999844e+03,-8.188955999999999458e-01,-8.171680999999999528e-01,-5.098401000000000183e-01,3.532115999999999728e-02,5.700000000000000000e+01,1.579188999999999940e-02,1.072568000000000029e+04,1.890349000000000057e-01,0.000000000000000000e+00
4.000000000000000000e+01,1.116188999999999931e-01,-6.330221999999999793e-01,7.660443999999999587e-01,3.000000000000000000e+00,2.500000000000000000e+01,1.000000000000000000e+00,4.600000000000000000e+01,0.000000000000000000e+00,2.916846000000000004e+03,8.209260999999999919e-01,-8.180627999999999789e-01,-1.631574000000000002e-03,6.082328999999999652e-01,9.600000000000000000e+01,1.579188999999999940e-02,9.089226000000000568e+03,1.880295999999999912e-01,0.000000000000000000e+00
4.100000000000000000e+01,1.139234999999999970e-01,-6.460919999999999996e-01,7.547095999999999805e-01,3.000000000000000000e+00,2.500000000000000000e+01,1.000000000000000000e+00,4.700000000000000000e+01,0.000000000000000000e+00,2.956757000000000062e+03,-8.179834000000000271e-01,8.208965999999999763e-01,2.718844000000000209e-03,-6.215102999999999600e-01,1.300000000000000000e+01,1.547244000000000050e-02,1.180645000000000073e+04,1.905325999999999964e-01,0.000000000000000000e+00
4.100000000000000000e+01,1.139234999999999970e-01,-6.460919999999999996e-01,7.547095999999999805e-01,3.000000000000000000e+00,2.500000000000000000e+01,1.000000000000000000e+00,3.800000000000000000e+01,0.000000000000000000e+00,2.952230000000000018e+03,8.208351000000000397e-01,8.189978999999999454e-01,5.008249000000000173e-01,-5.765829000000000093e-02,5.100000000000000000e+01,1.547244000000000050e-02,1.316471999999999935e+04,1.919958999999999971e-01,0.000000000000000000e+00
4.100000000000000000e+01,1.139234999999999970e-01,-6.460919999999999996e-01,7.547095999999999805e-01,3.000000000000000000e+00,2.500000000000000000e+01,1.000000000000000000e+00,4.500000000000000000e+01,0.000000000000000000e+00,2.952105000000000018e+03,-8.198265000000000136e-01,-8.183502000000000276e-01,-5.100926999999999545e-01,5.036028000000000032e-02,5.800000000000000000e+01,1.547244000000000050e-02,1.374570000000000073e+04,1.914673000000000069e-01,0.000000000000000000e+00
4.100000000000000000e+01,1.139234999999999970e-01,-6.460919999999999996e-01,7.547095999999999805e-01,3.000000000000000000e+00,2.500000000000000000e+01,1.000000000000000000e+00,4.600000000000000000e+01,0.000000000000000000e+00,2.956664999999999964e+03,8.191920000000000313e-01,-8.168056000000000205e-01,5.733767999999999547e-04,6.214895000000000280e-01,9.600000000000000000e+01,1.547244000000000050e-02,1.196212999999999920e+04,1.908552000000000026e-01,0.000000000000000000e+00
4.200000000000000000e+01,1.161932999999999994e-01,-6.589650000000000230e-01,7.431448000000000498e-01,3.000000000000000000e+00,2.500000000000000000e+01,1.000000000000000000e+00,4.700000000000000000e+01,0.000000000000000000e+00,2.999103000000000065e+03,-8.199064999999999825e-01,8.176982000000000417e-01,2.703754000000000270e-04,-6.339012000000000535e-01,1.300000000000000000e+01,1.517018000000000012e-02,1.489155999999999949e+04,1.944009999999999905e-01,0.000000000000000000e+00
4.200000000000000000e+01,1.161932999999999994e-01,-6.589650000000000230e-01,7.431448000000000498e-01,3.000000000000000000e+00,2.500000000000000000e+01,1.000000000000000000e+00,3.800000000000000000e+01,0.000000000000000000e+00,2.994983000000000175e+03,8.201713999999999949e-01,8.199859999999999927e-01,5.017416999999999572e-01,-7.217690999999999690e-02,5.000000000000000000e+01,1.517018000000000012e-02,1.621151000000000022e+04,1.950459999999999972e-01,0.000000000000000000e+00
4.200000000000000000e+01,1.161932999999999994e-01,-6.589650000000000230e-01,7.431448000000000498e-01,3.000000000000000000e+00,2.500000000000000000e+01,1.000000000000000000e+00,4.500000000000000000e+01,0.000000000000000000e+00,2.994960999999999785e+03,-8.208275999999999906e-01,-8.200260999999999800e-01,-5.118141999999999969e-01,6.464172999999999447e-02,5.900000000000000000e+01,1.517018000000000012e-02,1.636887000000000080e+04,1.950618000000000074e-01,0.000000000000000000e+00
4.200000000000000000e+01,1.161932999999999994e-01,-6.589650000000000230e-01,7.431448000000000498e-01,3.000000000000000000e+00,2.500000000000000000e+01,1.000000000000000000e+00,4.600000000000000000e+01,0.000000000000000000e+00,2.999248999999999796e+03,8.192542999999999909e-01,-8.171199000000000101e-01,2.002379999999999893e-04,6.337941000000000269e-01,9.600000000000000000e+01,1.517018000000000012e-02,1.441012999999999920e+04,1.939422000000000090e-01,0.000000000000000000e+00
4.300000000000000000e+01,1.184277999999999997e-01,-6.716372999999999927e-01,7.313536999999999955e-01,3.000000000000000000e+00,2.500000000000000000e+01,1.000000000000000000e+00,4.700000000000000000e+01,0.000000000000000000e+00,3.044456000000000131e+03,-8.191167000000000309e-01,8.174654000000000087e-01,-4.209800999999999778e-04,-6.463543000000000482e-01,1.200000000000000000e+01,1.488394999999999996e-02,1.779970000000000073e+04,1.976880000000000026e-01,0.000000000000000000e+00
4.300000000000000000e+01,1.184277999999999997e-01,-6.716372999999999927e-01,7.313536999999999955e-01,3.000000000000000000e+00,2.500000000000000000e+01,1.000000000000000000e+00,3.800000000000000000e+01,0.000000000000000000e+00,3.040724000000000160e+03,8.198062999999999878e-01,8.183460999999999652e-01,5.001647000000000176e-01,-8.674661999999999651e-02,4.900000000000000000e+01,1.488394999999999996e-02,1.923911999999999898e+04,1.977944000000000091e-01,0.000000000000000000e+00
4.300000000000000000e+01,1.184277999999999997e-01,-6.716372999999999927e-01,7.313536999999999955e-01,3.000000000000000000e+00,2.500000000000000000e+01,1.000000000000000000e+00,4.500000000000000000e+01,0.000000000000000000e+00,3.040643999999999778e+03,-8.193761999999999990e-01,-8.175729000000000468e-01,-5.095248999999999473e-01,7.943260000000000598e-02,6.000000000000000000e+01,1.488394999999999996e-02,1.962631000000000131e+04,1.982407999999999948e-01,0.000000000000000000e+00
4.300000000000000000e+01,1.184277999999999997e-01,-6.716372999999999927e-01,7.313536999999999955e-01,3.000000000000000000e+00,2.500000000000000000e+01,1.000000000000000000e+00,4.600000000000000000e+01,0.000000000000000000e+00,3.044407999999999902e+03,8.192198000000000535e-01,-8.168978999999999546e-01,8.257934000000000411e-04,6.462814000000000059e-01,9.700000000000000000e+01,1.488394999999999996e-02,1.813945999999999913e+04,1.983277999999999985e-01,0.000000000000000000e+00
4.400000000000000000e+01,1.206262000000000029e-01,-6.841049000000000158e-01,7.193397999999999737e-01,3.000000000000000000e+00,2.500000000000000000e+01,1.000000000000000000e+00,4.700000000000000000e+01,0.000000000000000000e+00,3.092177999999999884e+03,-8.171890000000000542e-01,8.200868000000000047e-01,8.205410000000000438e-04,-6.590095999999999732e-01,1.200000000000000000e+01,1.729148999999999964e-02,2.082824000000000160e+04,2.027346999999999899e-01,0.000000000000000000e+00
4.400000000000000000e+01,1.206262000000000029e-01,-6.841049000000000158e-01,7.193397999999999737e-01,3.000000000000000000e+00,2.500000000000000000e+01,1.000000000000000000e+00,3.800000000000000000e+01,0.000000000000000000e+00,3.088782999999999902e+03,8.188904000000000183e-01,8.205158000000000174e-01,5.016758999999999524e-01,-1.016639000000000015e-01,4.800000000000000000e+01,1.729148999999999964e-02,2.288804999999999927e+04,2.007131000000000054e-01,0.000000000000000000e+00
4.400000000000000000e+01,1.206262000000000029e-01,-6.841049000000000158e-01,7.193397999999999737e-01,3.000000000000000000e+00,2.500000000000000000e+01,1.000000000000000000e+00,4.500000000000000000e+01,0.000000000000000000e+00,3.088806999999999789e+03,-8.174477999999999467e-01,-8.205430000000000224e-01,-5.125802000000000413e-01,9.401262999999999981e-02,6.100000000000000000e+01,1.729148999999999964e-02,2.252147999999999956e+04,2.034947000000000006e-01,0.000000000000000000e+00
4.400000000000000000e+01,1.206262000000000029e-01,-6.841049000000000158e-01,7.193397999999999737e-01,3.000000000000000000e+00,2.500000000000000000e+01,1.000000000000000000e+00,4.600000000000000000e+01,0.000000000000000000e+00,3.092188999999999851e+03,8.164590999999999932e-01,-8.195474000000000370e-01,-2.983616000000000133e-04,6.589281999999999639e-01,9.700000000000000000e+01,1.729148999999999964e-02,2.054391999999999825e+04,2.025980000000000003e-01,0.000000000000000000e+00
4.500000000000000000e+01,1.227878000000000025e-01,-6.963641999999999888e-01,7.071068000000000353e-01,3.000000000000000000e+00,2.500000000000000000e+01,1.000000000000000000e+00,4.700000000000000000e+01,0.000000000000000000e+00,3.143804999999999836e+03,-8.172719000000000511e-01,8.203386000000000289e-01,2.170440000000000043e-03,-6.700707000000000191e-01,1.200000000000000000e+01,1.728218000000000115e-02,2.518250000000000000e+04,2.057488000000000095e-01,0.000000000000000000e+00
4.500000000000000000e+01,1.227878000000000025e-01,-6.963641999999999888e-01,7.071068000000000353e-01,3.000000000000000000e+00,2.500000000000000000e+01,1.000000000000000000e+00,3.800000000000000000e+01,0.000000000000000000e+00,3.140983000000000175e+03,8.189492000000000438e-01,8.213013000000000119e-01,5.029088000000000447e-01,-1.157577000000000050e-01,4.700000000000000000e+01,1.728218000000000115e-02,2.674106000000000131e+04,2.060596000000000094e-01,0.000000000000000000e+00
4.500000000000000000e+01,1.227878000000000025e-01,-6.963641999999999888e-01,7.071068000000000353e-01,3.000000000000000000e+00,2.500000000000000000e+01,1.000000000000000000e+00,4.500000000000000000e+01,0.000000000000000000e+00,3.141003999999999905e+03,-8.207128999999999674e-01,-8.200207999999999942e-01,-5.114275000000000349e-01,1.086257999999999946e-01,6.100000000000000000e+01,1.728218000000000115e-02,2.653249000000000160e+04,2.061343999999999954e-01,0.000000000000000000e+00
4.500000000000000000e+01,1.227878000000000025e-01,-6.963641999999999888e-01,7.071068000000000353e-01,3.000000000000000000e+00,2.500000000000000000e+01,1.000000000000000000e+00,5.300000000000000000e+01,0.000000000000000000e+00,3.140994999999999891e+03,-8.187459000000000264e-01,-8.197054000000000284e-01,4.984100000000000197e-01,8.227105999999999586e-01,1.060000000000000000e+02,1.728218000000000115e-02,2.665888000000000102e+04,2.079227999999999910e-01,0.000000000000000000e+00
4.500000000000000000e+01,1.227878000000000025e-01,-6.963641999999999888e-01,7.071068000000000353e-01,3.000000000000000000e+00,2.500000000000000000e+01,1.000000000000000000e+00,4.600000000000000000e+01,0.000000000000000000e+00,3.143833000000000084e+03,8.164645000000000374e-01,-8.213970000000000438e-01,-2.860500000000000195e-03,6.702207000000000026e-01,9.700000000000000000e+01,1.728218000000000115e-02,2.512541999999999825e+04,2.055686999999999931e-01,0.000000000000000000e+00
4.600000000000000000e+01,1.249119999999999953e-01,-7.084114000000000244e-01,6.946584000000000092e-01,3.000000000000000000e+00,2.500000000000000000e+01,1.000000000000000000e+00,4.700000000000000000e+01,0.000000000000000000e+00,3.199260000000000218e+03,-8.177242000000000122e-01,8.195734999999999548e-01,2.015497000000000209e-03,-6.813386999999999638e-01,1.200000000000000000e+01,1.727340999999999946e-02,2.970777000000000044e+04,2.090230999999999895e-01,0.000000000000000000e+00
4.600000000000000000e+01,1.249119999999999953e-01,-7.084114000000000244e-01,6.946584000000000092e-01,3.000000000000000000e+00,2.500000000000000000e+01,1.000000000000000000e+00,5.400000000000000000e+01,0.000000000000000000e+00,3.197052000000000135e+03,8.169418999999999986e-01,8.225088999999999873e-01,-5.057859999999999578e-01,-8.319773000000000307e-01,3.000000000000000000e+00,1.727340999999999946e-02,3.109295999999999913e+04,2.116563999999999945e-01,0.000000000000000000e+00
4.600000000000000000e+01,1.249119999999999953e-01,-7.084114000000000244e-01,6.946584000000000092e-01,3.000000000000000000e+00,2.500000000000000000e+01,1.000000000000000000e+00,3.800000000000000000e+01,0.000000000000000000e+00,3.197016000000000076e+03,8.188706999999999514e-01,8.190595000000000514e-01,5.009325999999999501e-01,-1.299672000000000049e-01,4.600000000000000000e+01,1.727340999999999946e-02,3.129815000000000146e+04,2.122516999999999876e-01,0.000000000000000000e+00
4.600000000000000000e+01,1.249119999999999953e-01,-7.084114000000000244e-01,6.946584000000000092e-01,3.000000000000000000e+00,2.500000000000000000e+01,1.000000000000000000e+00,4.500000000000000000e+01,0.000000000000000000e+00,3.197101999999999862e+03,-8.206788999999999890e-01,-8.227590999999999655e-01,-5.145442999999999545e-01,1.229066999999999937e-01,6.200000000000000000e+01,1.727340999999999946e-02,3.066765000000000146e+04,2.098073000000000021e-01,0.000000000000000000e+00
4.600000000000000000e+01,1.249119999999999953e-01,-7.084114000000000244e-01,6.946584000000000092e-01,3.000000000000000000e+00,2.500000000000000000e+01,1.000000000000000000e+00,5.300000000000000000e+01,0.000000000000000000e+00,3.197079999999999927e+03,-8.185014999999999930e-01,-8.188298999999999994e-01,4.994206999999999952e-01,8.247544999999999460e-01,1.060000000000000000e+02,1.727340999999999946e-02,3.071593000000000029e+04,2.126174999999999871e-01,0.000000000000000000e+00
4.600000000000000000e+01,1.249119999999999953e-01,-7.084114000000000244e-01,6.946584000000000092e-01,3.000000000000000000e+00,2.500000000000000000e+01,1.000000000000000000e+00,4.600000000000000000e+01,0.000000000000000000e+00,3.199161000000000058e+03,8.170781000000000294e-01,-8.217849000000000403e-01,-4.408119000000000273e-03,6.811625999999999515e-01,9.700000000000000000e+01,1.727340999999999946e-02,2.994645000000000073e+04,2.100093000000000099e-01,0.000000000000000000e+00
4.700000000000000000e+01,1.269982000000000055e-01,-7.202427999999999608e-01,6.819984000000000046e-01,3.000000000000000000e+00,2.500000000000000000e+01,1.000000000000000000e+00,4.700000000000000000e+01,0.000000000000000000e+00,3.258954999999999927e+03,-8.181659000000000015e-01,8.199372000000000327e-01,2.337922999999999998e-03,-6.928649999999999531e-01,1.200000000000000000e+01,1.726518000000000150e-02,3.425351999999999680e+04,2.144593999999999945e-01,0.000000000000000000e+00
4.700000000000000000e+01,1.269982000000000055e-01,-7.202427999999999608e-01,6.819984000000000046e-01,3.000000000000000000e+00,2.500000000000000000e+01,1.000000000000000000e+00,5.400000000000000000e+01,0.000000000000000000e+00,3.257400999999999840e+03,8.170387999999999540e-01,8.197212000000000387e-01,-5.082894999999999497e-01,-8.332884000000000402e-01,4.000000000000000000e+00,1.726518000000000150e-02,3.607887000000000262e+04,2.162764000000000075e-01,0.000000000000000000e+00
4.700000000000000000e+01,1.269982000000000055e-01,-7.202427999999999608e-01,6.819984000000000046e-01,3.000000000000000000e+00,2.500000000000000000e+01,1.000000000000000000e+00,3.800000000000000000e+01,0.000000000000000000e+00,3.257581000000000131e+03,8.188461000000000212e-01,8.200952000000000242e-01,5.018027999999999933e-01,-1.444468999999999892e-01,4.600000000000000000e+01,1.726518000000000150e-02,3.532391999999999825e+04,2.150318999999999980e-01,0.000000000000000000e+00
4.700000000000000000e+01,1.269982000000000055e-01,-7.202427999999999608e-01,6.819984000000000046e-01,3.000000000000000000e+00,2.500000000000000000e+01,1.000000000000000000e+00,4.500000000000000000e+01,0.000000000000000000e+00,3.257528999999999996e+03,-8.193468999999999891e-01,-8.218031000000000086e-01,-5.142584000000000044e-01,1.371188000000000129e-01,6.300000000000000000e+01,1.726518000000000150e-02,3.565381999999999971e+04,2.161330999999999947e-01,0.000000000000000000e+00
4.700000000000000000e+01,1.269982000000000055e-01,-7.202427999999999608e-01,6.819984000000000046e-01,3.000000000000000000e+00,2.500000000000000000e+01,1.000000000000000000e+00,5.300000000000000000e+01,0.000000000000000000e+00,3.257402000000000044e+03,-8.184202000000000421e-01,-8.215303000000000466e-01,4.962270999999999765e-01,8.261893999999999627e-01,1.050000000000000000e+02,1.726518000000000150e-02,3.581105999999999767e+04,2.175478000000000134e-01,0.000000000000000000e+00
4.700000000000000000e+01,1.269982000000000055e-01,-7.202427999999999608e-01,6.819984000000000046e-01,3.000000000000000000e+00,2.500000000000000000e+01,1.000000000000000000e+00,4.600000000000000000e+01,0.000000000000000000e+00,3.258996999999999844e+03,8.176735000000000531e-01,-8.214312000000000280e-01,-3.970483999999999819e-03,6.927651999999999699e-01,9.700000000000000000e+01,1.726518000000000150e-02,3.422237000000000262e+04,2.141258000000000050e-01,0.000000000000000000e+00
4.800000000000000000e+01,1.290457000000000132e-01,-7.318548000000000275e-01,6.691306000000000198e-01,3.000000000000000000e+00,2.500000000000000000e+01,1.000000000000000000e+00,5.400000000000000000e+01,0.000000000000000000e+00,3.323623999999999796e+03,8.201346000000000469e-01,8.189454999999999929e-01,-5.097481999999999847e-01,-8.346023999999999665e-01,5.000000000000000000e+00,1.375409000000000007e-02,4.038486000000000058e+04,2.217338000000000087e-01,0.000000000000000000e+00
4.800000000000000000e+01,1.290457000000000132e-01,-7.318548000000000275e-01,6.691306000000000198e-01,3.000000000000000000e+00,2.500000000000000000e+01,1.000000000000000000e+00,3.800000000000000000e+01,0.000000000000000000e+00,3.323644999999999982e+03,8.201144999999999685e-01,8.189779999999999838e-01,5.006642999999999510e-01,-1.585307999999999995e-01,4.500000000000000000e+01,1.375409000000000007e-02,4.025694999999999709e+04,2.214128999999999958e-01,0.000000000000000000e+00
4.800000000000000000e+01,1.290457000000000132e-01,-7.318548000000000275e-01,6.691306000000000198e-01,3.000000000000000000e+00,2.500000000000000000e+01,1.000000000000000000e+00,4.700000000000000000e+01,0.000000000000000000e+00,3.324195000000000164e+03,-8.188083000000000444e-01,8.167303999999999675e-01,-1.878303999999999911e-03,-7.046485999999999583e-01,1.300000000000000000e+01,1.375409000000000007e-02,3.947990000000000146e+04,2.213267999999999902e-01,0.000000000000000000e+00
4.800000000000000000e+01,1.290457000000000132e-01,-7.318548000000000275e-01,6.691306000000000198e-01,3.000000000000000000e+00,2.500000000000000000e+01,1.000000000000000000e+00,4.500000000000000000e+01,0.000000000000000000e+00,3.323592000000000098e+03,-8.188914999999999944e-01,-8.184441000000000077e-01,-5.108561000000000352e-01,1.514783000000000102e-01,6.400000000000000000e+01,1.375409000000000007e-02,4.079223999999999796e+04,2.222863999999999951e-01,0.000000000000000000e+00
4.800000000000000000e+01,1.290457000000000132e-01,-7.318548000000000275e-01,6.691306000000000198e-01,3.000000000000000000e+00,2.500000000000000000e+01,1.000000000000000000e+00,5.300000000000000000e+01,0.000000000000000000e+00,3.323632999999999811e+03,-8.187839000000000089e-01,-8.198288999999999715e-01,4.980866999999999933e-01,8.276202000000000281e-01,1.040000000000000000e+02,1.375409000000000007e-02,4.031361000000000058e+04,2.213067999999999980e-01,0.000000000000000000e+00
4.800000000000000000e+01,1.290457000000000132e-01,-7.318548000000000275e-01,6.691306000000000198e-01,3.000000000000000000e+00,2.500000000000000000e+01,1.000000000000000000e+00,4.600000000000000000e+01,0.000000000000000000e+00,3.324192000000000007e+03,8.200946999999999543e-01,-8.178609999999999491e-01,4.166525000000000025e-04,7.046639999999999571e-01,9.600000000000000000e+01,1.375409000000000007e-02,3.950755999999999767e+04,2.214524999999999966e-01,0.000000000000000000e+00
4.900000000000000000e+01,1.310539000000000009e-01,-7.432438000000000100e-01,6.560589999999999478e-01,3.000000000000000000e+00,2.500000000000000000e+01,1.000000000000000000e+00,5.400000000000000000e+01,0.000000000000000000e+00,3.394539999999999964e+03,8.194527000000000339e-01,8.199408999999999725e-01,-5.087207000000000257e-01,-8.357742999999999700e-01,6.000000000000000000e+00,1.353972999999999982e-02,4.523093000000000029e+04,2.272089999999999943e-01,0.000000000000000000e+00
4.900000000000000000e+01,1.310539000000000009e-01,-7.432438000000000100e-01,6.560589999999999478e-01,3.000000000000000000e+00,2.500000000000000000e+01,1.000000000000000000e+00,3.800000000000000000e+01,0.000000000000000000e+00,3.394451000000000022e+03,8.194019999999999637e-01,8.190903000000000489e-01,5.016038000000000441e-01,-1.723163000000000056e-01,4.400000000000000000e+01,1.353972999999999982e-02,4.564429000000000087e+04,2.284933000000000103e-01,0.000000000000000000e+00
4.900000000000000000e+01,1.310539000000000009e-01,-7.432438000000000100e-01,6.560589999999999478e-01,3.000000000000000000e+00,2.500000000000000000e+01,1.000000000000000000e+00,4.700000000000000000e+01,0.000000000000000000e+00,3.394128999999999905e+03,-8.199277999999999844e-01,8.191435000000000244e-01,1.055490999999999981e-03,-7.155856999999999912e-01,1.300000000000000000e+01,1.353972999999999982e-02,4.423270999999999913e+04,2.267990000000000006e-01,0.000000000000000000e+00
4.900000000000000000e+01,1.310539000000000009e-01,-7.432438000000000100e-01,6.560589999999999478e-01,3.000000000000000000e+00,2.500000000000000000e+01,1.000000000000000000e+00,4.500000000000000000e+01,0.000000000000000000e+00,3.394527000000000044e+03,-8.200123999999999747e-01,-8.176847000000000421e-01,-5.087350000000000483e-01,1.665130999999999972e-01,6.400000000000000000e+01,1.353972999999999982e-02,4.505202999999999884e+04,2.272485999999999950e-01,0.000000000000000000e+00
4.900000000000000000e+01,1.310539000000000009e-01,-7.432438000000000100e-01,6.560589999999999478e-01,3.000000000000000000e+00,2.500000000000000000e+01,1.000000000000000000e+00,5.300000000000000000e+01,0.000000000000000000e+00,3.394570000000000164e+03,-8.196746999999999783e-01,-8.192270000000000385e-01,4.989403000000000032e-01,8.287980999999999820e-01,1.030000000000000000e+02,1.353972999999999982e-02,4.479165000000000146e+04,2.276785000000000059e-01,0.000000000000000000e+00
4.900000000000000000e+01,1.310539000000000009e-01,-7.432438000000000100e-01,6.560589999999999478e-01,3.000000000000000000e+00,2.500000000000000000e+01,1.000000000000000000e+00,4.600000000000000000e+01,0.000000000000000000e+00,3.394141000000000076e+03,8.194504000000000232e-01,-8.170973000000000264e-01,1.359736999999999968e-03,7.155867999999999673e-01,9.600000000000000000e+01,1.353972999999999982e-02,4.420373999999999796e+04,2.270858000000000043e-01,0.000000000000000000e+00
5.000000000000000000e+01,1.330222000000000071e-01,-7.544064999999999799e-01,6.427876000000000145e-01,3.000000000000000000e+00,2.500000000000000000e+01,1.000000000000000000e+00,5.400000000000000000e+01,0.000000000000000000e+00,3.471722999999999956e+03,8.199636999999999620e-01,8.168216999999999839e-01,-5.130413000000000334e-01,-8.369187999999999628e-01,7.000000000000000000e+00,1.333585999999999973e-02,4.978222000000000116e+04,2.349681999999999882e-01,0.000000000000000000e+00
5.000000000000000000e+01,1.330222000000000071e-01,-7.544064999999999799e-01,6.427876000000000145e-01,3.000000000000000000e+00,2.500000000000000000e+01,1.000000000000000000e+00,3.800000000000000000e+01,0.000000000000000000e+00,3.471800000000000182e+03,8.192960999999999716e-01,8.199144000000000432e-01,5.014104000000000338e-01,-1.872638000000000080e-01,4.400000000000000000e+01,1.333585999999999973e-02,4.883341999999999825e+04,2.346649000000000096e-01,0.000000000000000000e+00
5.000000000000000000e+01,1.330222000000000071e-01,-7.544064999999999799e-01,6.427876000000000145e-01,3.000000000000000000e+00,2.500000000000000000e+01,1.000000000000000000e+00,4.700000000000000000e+01,0.000000000000000000e+00,3.470384000000000015e+03,-8.176607000000000181e-01,8.176923000000000386e-01,-8.395139999999999721e-04,-7.261790999999999663e-01,1.300000000000000000e+01,1.333585999999999973e-02,4.797995999999999913e+04,2.331324999999999925e-01,0.000000000000000000e+00
5.000000000000000000e+01,1.330222000000000071e-01,-7.544064999999999799e-01,6.427876000000000145e-01,3.000000000000000000e+00,2.500000000000000000e+01,1.000000000000000000e+00,4.500000000000000000e+01,0.000000000000000000e+00,3.471880000000000109e+03,-8.176624000000000114e-01,-8.183774000000000326e-01,-5.108835000000000459e-01,1.802323999999999871e-01,6.500000000000000000e+01,1.333585999999999973e-02,4.847251999999999680e+04,2.329895999999999912e-01,0.000000000000000000e+00
5.000000000000000000e+01,1.330222000000000071e-01,-7.544064999999999799e-01,6.427876000000000145e-01,3.000000000000000000e+00,2.500000000000000000e+01,1.000000000000000000e+00,5.300000000000000000e+01,0.000000000000000000e+00,3.471931000000000040e+03,-8.177891999999999939e-01,-8.180503000000000080e-01,5.001018999999999881e-01,8.298176000000000441e-01,1.020000000000000000e+02,1.333585999999999973e-02,4.823183999999999651e+04,2.335338999999999887e-01,0.000000000000000000e+00
5.000000000000000000e+01,1.330222000000000071e-01,-7.544064999999999799e-01,6.427876000000000145e-01,3.000000000000000000e+00,2.500000000000000000e+01,1.000000000000000000e+00,4.600000000000000000e+01,0.000000000000000000e+00,3.470311999999999898e+03,8.188507000000000424e-01,-8.159201000000000370e-01,2.709000999999999944e-03,7.262020999999999615e-01,9.600000000000000000e+01,1.333585999999999973e-02,4.824712000000000262e+04,2.326112999999999931e-01,0.000000000000000000e+00
5.100000000000000000e+01,1.349499999999999866e-01,-7.653394000000000030e-01,6.293204000000000020e-01,3.000000000000000000e+00,2.500000000000000000e+01,1.000000000000000000e+00,4.700000000000000000e+01,0.000000000000000000e+00,3.553556999999999789e+03,-8.211880000000000290e-01,8.180564000000000169e-01,1.349092000000000086e-03,-7.360611000000000237e-01,1.300000000000000000e+01,1.314188999999999982e-02,5.151387000000000262e+04,2.394343999999999917e-01,0.000000000000000000e+00
5.100000000000000000e+01,1.349499999999999866e-01,-7.653394000000000030e-01,6.293204000000000020e-01,3.000000000000000000e+00,2.500000000000000000e+01,1.000000000000000000e+00,5.400000000000000000e+01,0.000000000000000000e+00,3.556161999999999807e+03,8.199387999999999677e-01,8.180342000000000446e-01,-5.119941999999999549e-01,-8.376314000000000259e-01,8.000000000000000000e+00,1.314188999999999982e-02,5.260080000000000291e+04,2.420627999999999946e-01,0.000000000000000000e+00
5.100000000000000000e+01,1.349499999999999866e-01,-7.653394000000000030e-01,6.293204000000000020e-01,3.000000000000000000e+00,2.500000000000000000e+01,1.000000000000000000e+00,3.800000000000000000e+01,0.000000000000000000e+00,3.556380999999999858e+03,8.194046999999999858e-01,8.187166000000000166e-01,5.013697999999999766e-01,-2.004951000000000094e-01,4.300000000000000000e+01,1.314188999999999982e-02,5.095534999999999854e+04,2.399885999999999964e-01,0.000000000000000000e+00
5.100000000000000000e+01,1.349499999999999866e-01,-7.653394000000000030e-01,6.293204000000000020e-01,3.000000000000000000e+00,2.500000000000000000e+01,1.000000000000000000e+00,4.500000000000000000e+01,0.000000000000000000e+00,3.556188999999999851e+03,-8.212665999999999578e-01,-8.184078000000000186e-01,-5.082044999999999479e-01,1.957064000000000026e-01,6.500000000000000000e+01,1.314188999999999982e-02,5.257430999999999767e+04,2.418104000000000087e-01,0.000000000000000000e+00
5.100000000000000000e+01,1.349499999999999866e-01,-7.653394000000000030e-01,6.293204000000000020e-01,3.000000000000000000e+00,2.500000000000000000e+01,1.000000000000000000e+00,5.300000000000000000e+01,0.000000000000000000e+00,3.556391999999999825e+03,-8.210408999999999624e-01,-8.185959000000000430e-01,5.002796000000000465e-01,8.305403999999999565e-01,1.010000000000000000e+02,1.314188999999999982e-02,5.037477999999999884e+04,2.392806000000000100e-01,0.000000000000000000e+00
5.100000000000000000e+01,1.349499999999999866e-01,-7.653394000000000030e-01,6.293204000000000020e-01,3.000000000000000000e+00,2.500000000000000000e+01,1.000000000000000000e+00,4.600000000000000000e+01,0.000000000000000000e+00,3.553568999999999960e+03,8.196660999999999531e-01,-8.175803999999999849e-01,-4.013609999999999812e-04,7.360877999999999588e-01,9.600000000000000000e+01,1.314188999999999982e-02,5.148658999999999651e+04,2.387923000000000129e-01,0.000000000000000000e+00
5.200000000000000000e+01,1.368366000000000027e-01,-7.760390999999999817e-01,6.156614999999999727e-01,3.000000000000000000e+00,2.500000000000000000e+01,1.000000000000000000e+00,5.700000000000000000e+01,0.000000000000000000e+00,3.590568000000000211e+03,-8.021131999999999707e-01,8.019039000000000028e-01,6.595014000000000154e-01,-3.260375999999999830e-01,3.700000000000000000e+01,1.288159000000000005e-02,-1.634077999999999884e+05,2.688627000000000100e-01,0.000000000000000000e+00
5.200000000000000000e+01,1.368366000000000027e-01,-7.760390999999999817e-01,6.156614999999999727e-01,3.000000000000000000e+00,2.500000000000000000e+01,1.000000000000000000e+00,5.900000000000000000e+01,0.000000000000000000e+00,3.590447999999999865e+03,8.011603000000000474e-01,-8.014930000000000110e-01,-6.588958000000000315e-01,3.259612000000000065e-01,7.200000000000000000e+01,1.288159000000000005e-02,-1.628417000000000116e+05,2.700325000000000086e-01,0.000000000000000000e+00
5.300000000000000000e+01,1.386815999999999882e-01,-7.865024000000000459e-01,6.018149999999999888e-01,3.000000000000000000e+00,2.500000000000000000e+01,1.000000000000000000e+00,5.700000000000000000e+01,0.000000000000000000e+00,3.647460999999999785e+03,-8.024282000000000359e-01,8.016756000000000437e-01,6.480183999999999944e-01,-3.518145999999999773e-01,3.600000000000000000e+01,1.271021999999999950e-02,-1.589715000000000000e+05,2.715499000000000107e-01,0.000000000000000000e+00
5.300000000000000000e+01,1.386815999999999882e-01,-7.865024000000000459e-01,6.018149999999999888e-01,3.000000000000000000e+00,2.500000000000000000e+01,1.000000000000000000e+00,5.900000000000000000e+01,0.000000000000000000e+00,3.647418999999999869e+03,8.025472999999999635e-01,-8.020947000000000493e-01,-6.486347999999999558e-01,3.517897999999999858e-01,7.300000000000000000e+01,1.271021999999999950e-02,-1.590266000000000058e+05,2.727087999999999735e-01,0.000000000000000000e+00
5.400000000000000000e+01,1.404843000000000064e-01,-7.967262000000000510e-01,5.877852999999999550e-01,3.000000000000000000e+00,2.500000000000000000e+01,1.000000000000000000e+00,5.700000000000000000e+01,0.000000000000000000e+00,3.706313000000000102e+03,-8.041384999999999783e-01,8.002951000000000370e-01,6.352280999999999622e-01,-3.772072000000000203e-01,3.500000000000000000e+01,1.254712000000000015e-02,-1.490160000000000000e+05,2.824342000000000241e-01,0.000000000000000000e+00
5.400000000000000000e+01,1.404843000000000064e-01,-7.967262000000000510e-01,5.877852999999999550e-01,3.000000000000000000e+00,2.500000000000000000e+01,1.000000000000000000e+00,5.900000000000000000e+01,0.000000000000000000e+00,3.706300999999999931e+03,8.025721999999999579e-01,-8.000669999999999726e-01,-6.345631999999999939e-01,3.771962999999999844e-01,7.400000000000000000e+01,1.254712000000000015e-02,-1.490640000000000000e+05,2.825078999999999785e-01,0.000000000000000000e+00
5.500000000000000000e+01,1.422442999999999902e-01,-8.067073000000000160e-01,5.735763999999999863e-01,3.000000000000000000e+00,2.500000000000000000e+01,1.000000000000000000e+00,5.700000000000000000e+01,0.000000000000000000e+00,3.768898999999999887e+03,-8.051933000000000007e-01,8.007499000000000144e-01,6.247544999999999904e-01,-4.021604999999999763e-01,3.400000000000000000e+01,1.239187999999999922e-02,-1.392937999999999884e+05,2.892496999999999985e-01,0.000000000000000000e+00
5.500000000000000000e+01,1.422442999999999902e-01,-8.067073000000000160e-01,5.735763999999999863e-01,3.000000000000000000e+00,2.500000000000000000e+01,1.000000000000000000e+00,5.900000000000000000e+01,0.000000000000000000e+00,3.768893000000000029e+03,8.040612000000000315e-01,-8.012129999999999530e-01,-6.250696000000000030e-01,4.021923000000000026e-01,7.500000000000000000e+01,1.239187999999999922e-02,-1.392035000000000000e+05,2.900895000000000001e-01,0.000000000000000000e+00
5.600000000000000000e+01,1.439609000000000028e-01,-8.164426000000000183e-01,5.591928999999999927e-01,3.000000000000000000e+00,2.500000000000000000e+01,1.000000000000000000e+00,5.700000000000000000e+01,0.000000000000000000e+00,3.838043000000000120e+03,-8.059912999999999661e-01,8.000279999999999614e-01,6.120510000000000117e-01,-4.269535999999999887e-01,3.300000000000000000e+01,1.224412000000000070e-02,-1.379323999999999942e+05,2.793601000000000001e-01,0.000000000000000000e+00
5.600000000000000000e+01,1.439609000000000028e-01,-8.164426000000000183e-01,5.591928999999999927e-01,3.000000000000000000e+00,2.500000000000000000e+01,1.000000000000000000e+00,5.900000000000000000e+01,0.000000000000000000e+00,3.837905999999999949e+03,8.050070999999999755e-01,-7.998853999999999687e-01,-6.115380000000000260e-01,4.269823999999999842e-01,7.600000000000000000e+01,1.224412000000000070e-02,-1.375992000000000116e+05,2.802136000000000071e-01,0.000000000000000000e+00
5.700000000000000000e+01,1.456336000000000019e-01,-8.259292999999999774e-01,5.446389999999999842e-01,3.000000000000000000e+00,2.500000000000000000e+01,1.000000000000000000e+00,5.700000000000000000e+01,0.000000000000000000e+00,3.912489000000000033e+03,-8.078083000000000347e-01,8.031405000000000349e-01,5.953222000000000236e-01,-4.567455999999999738e-01,3.200000000000000000e+01,1.210347999999999979e-02,-1.263151999999999971e+05,3.101921999999999735e-01,0.000000000000000000e+00
5.700000000000000000e+01,1.456336000000000019e-01,-8.259292999999999774e-01,5.446389999999999842e-01,3.000000000000000000e+00,2.500000000000000000e+01,1.000000000000000000e+00,5.900000000000000000e+01,0.000000000000000000e+00,3.912505999999999858e+03,8.082348000000000310e-01,-8.031808999999999754e-01,-5.954836999999999492e-01,4.567532000000000258e-01,7.700000000000000000e+01,1.210347999999999979e-02,-1.264948999999999942e+05,3.107979000000000158e-01,0.000000000000000000e+00
