min F=100; num_slices=100; num_pts=200
angle,B_x,B_y,B_z,band number,Wien2k band number,spin dirn,branch,area [Angstrom^-2],freq [T],k_x,k_y,k_z,k_parallel,slicenum,inplane dk (Angstrom^-1),dF/dkpara^2,mass (m_e),df/dM [T/(mu_B/f.u.)]
5.200000000000000000e+01,1.368366000000000027e-01,-7.760390999999999817e-01,6.156614999999999727e-01,4.000000000000000000e+00,2.600000000000000000e+01,1.000000000000000000e+00,3.500000000000000000e+01,0.000000000000000000e+00,2.161873000000000047e+03,-7.679120000000000390e-01,7.976942999999999673e-01,7.158016000000000378e-01,-2.834289999999999865e-01,3.900000000000000000e+01,1.288159000000000005e-02,-1.270733999999999942e+05,1.861462000000000117e-01,0.000000000000000000e+00
5.200000000000000000e+01,1.368366000000000027e-01,-7.760390999999999817e-01,6.156614999999999727e-01,4.000000000000000000e+00,2.600000000000000000e+01,1.000000000000000000e+00,3.700000000000000000e+01,0.000000000000000000e+00,2.161838000000000193e+03,7.698810000000000375e-01,-8.007307000000000174e-01,-7.200425999999999771e-01,2.834438000000000235e-01,7.000000000000000000e+01,1.288159000000000005e-02,-1.270861000000000058e+05,1.844050999999999885e-01,0.000000000000000000e+00
5.300000000000000000e+01,1.386815999999999882e-01,-7.865024000000000459e-01,6.018149999999999888e-01,4.000000000000000000e+00,2.600000000000000000e+01,1.000000000000000000e+00,3.500000000000000000e+01,0.000000000000000000e+00,2.187336999999999989e+03,-7.701527999999999707e-01,7.966111999999999638e-01,7.080132999999999566e-01,-3.072496000000000116e-01,3.800000000000000000e+01,1.271021999999999950e-02,-1.238500000000000000e+05,1.796563999999999939e-01,0.000000000000000000e+00
5.300000000000000000e+01,1.386815999999999882e-01,-7.865024000000000459e-01,6.018149999999999888e-01,4.000000000000000000e+00,2.600000000000000000e+01,1.000000000000000000e+00,3.700000000000000000e+01,0.000000000000000000e+00,2.187293000000000120e+03,7.669148000000000076e-01,-7.996680000000000454e-01,-7.112998999999999850e-01,3.072268000000000221e-01,7.100000000000000000e+01,1.271021999999999950e-02,-1.238753000000000029e+05,1.809566999999999981e-01,0.000000000000000000e+00
5.400000000000000000e+01,1.404843000000000064e-01,-7.967262000000000510e-01,5.877852999999999550e-01,4.000000000000000000e+00,2.600000000000000000e+01,1.000000000000000000e+00,3.500000000000000000e+01,0.000000000000000000e+00,2.212865999999999985e+03,-7.714539999999999731e-01,7.987277000000000404e-01,7.046253000000000100e-01,-3.305760999999999838e-01,3.700000000000000000e+01,1.254712000000000015e-02,-1.204115000000000000e+05,1.741842000000000112e-01,0.000000000000000000e+00
5.400000000000000000e+01,1.404843000000000064e-01,-7.967262000000000510e-01,5.877852999999999550e-01,4.000000000000000000e+00,2.600000000000000000e+01,1.000000000000000000e+00,3.700000000000000000e+01,0.000000000000000000e+00,2.212871000000000095e+03,7.717471999999999666e-01,-7.986334000000000488e-01,-7.046065999999999718e-01,3.305530999999999886e-01,7.200000000000000000e+01,1.254712000000000015e-02,-1.204786000000000058e+05,1.744898000000000005e-01,0.000000000000000000e+00
5.500000000000000000e+01,1.422442999999999902e-01,-8.067073000000000160e-01,5.735763999999999863e-01,4.000000000000000000e+00,2.600000000000000000e+01,1.000000000000000000e+00,3.500000000000000000e+01,0.000000000000000000e+00,2.239523999999999887e+03,-7.708277999999999519e-01,7.974849999999999994e-01,6.962646999999999586e-01,-3.536217999999999861e-01,3.600000000000000000e+01,1.239187999999999922e-02,-1.211793999999999942e+05,1.603198000000000123e-01,0.000000000000000000e+00
5.500000000000000000e+01,1.422442999999999902e-01,-8.067073000000000160e-01,5.735763999999999863e-01,4.000000000000000000e+00,2.600000000000000000e+01,1.000000000000000000e+00,3.700000000000000000e+01,0.000000000000000000e+00,2.239384000000000015e+03,7.711008000000000306e-01,-7.976898999999999518e-01,-6.965130000000000488e-01,3.536834999999999840e-01,7.300000000000000000e+01,1.239187999999999922e-02,-1.205410000000000000e+05,1.604756999999999989e-01,0.000000000000000000e+00
5.600000000000000000e+01,1.439609000000000028e-01,-8.164426000000000183e-01,5.591928999999999927e-01,4.000000000000000000e+00,2.600000000000000000e+01,1.000000000000000000e+00,3.500000000000000000e+01,0.000000000000000000e+00,2.267972000000000207e+03,-7.704062000000000410e-01,7.986185000000000089e-01,6.900275999999999632e-01,-3.770759000000000194e-01,3.500000000000000000e+01,1.224412000000000070e-02,-1.289168000000000029e+05,1.369517000000000095e-01,0.000000000000000000e+00
5.600000000000000000e+01,1.439609000000000028e-01,-8.164426000000000183e-01,5.591928999999999927e-01,4.000000000000000000e+00,2.600000000000000000e+01,1.000000000000000000e+00,3.700000000000000000e+01,0.000000000000000000e+00,2.267856000000000222e+03,7.714183000000000012e-01,-7.983521000000000090e-01,-6.899252000000000162e-01,3.770613999999999910e-01,7.400000000000000000e+01,1.224412000000000070e-02,-1.284456000000000058e+05,1.379209999999999881e-01,0.000000000000000000e+00
5.700000000000000000e+01,1.456336000000000019e-01,-8.259292999999999774e-01,5.446389999999999842e-01,4.000000000000000000e+00,2.600000000000000000e+01,1.000000000000000000e+00,3.500000000000000000e+01,0.000000000000000000e+00,2.292782999999999902e+03,-7.716304000000000496e-01,7.983046000000000308e-01,6.787716000000000305e-01,-4.020329000000000264e-01,3.400000000000000000e+01,1.210347999999999979e-02,-1.075590000000000000e+05,1.634514999999999996e-01,0.000000000000000000e+00
5.700000000000000000e+01,1.456336000000000019e-01,-8.259292999999999774e-01,5.446389999999999842e-01,4.000000000000000000e+00,2.600000000000000000e+01,1.000000000000000000e+00,3.700000000000000000e+01,0.000000000000000000e+00,2.292891999999999825e+03,7.708783999999999637e-01,-7.996471000000000551e-01,-6.803633000000000042e-01,4.021654000000000062e-01,7.500000000000000000e+01,1.210347999999999979e-02,-1.076213999999999942e+05,1.621641000000000055e-01,0.000000000000000000e+00
5.800000000000000000e+01,1.472620000000000040e-01,-8.351642999999999706e-01,5.299192999999999820e-01,4.000000000000000000e+00,2.600000000000000000e+01,1.000000000000000000e+00,3.500000000000000000e+01,0.000000000000000000e+00,2.322639000000000124e+03,-7.730377000000000498e-01,8.027208999999999595e-01,6.687939999999999996e-01,-4.298360999999999987e-01,3.300000000000000000e+01,1.196964000000000014e-02,-1.011776999999999971e+05,1.680968999999999935e-01,0.000000000000000000e+00
5.800000000000000000e+01,1.472620000000000040e-01,-8.351642999999999706e-01,5.299192999999999820e-01,4.000000000000000000e+00,2.600000000000000000e+01,1.000000000000000000e+00,3.700000000000000000e+01,0.000000000000000000e+00,2.322695000000000164e+03,7.732909000000000033e-01,-8.027549999999999963e-01,-6.687727999999999451e-01,4.299130999999999925e-01,7.600000000000000000e+01,1.196964000000000014e-02,-1.014731000000000058e+05,1.674731999999999887e-01,0.000000000000000000e+00
5.900000000000000000e+01,1.488454999999999917e-01,-8.441450000000000342e-01,5.150381000000000542e-01,4.000000000000000000e+00,2.600000000000000000e+01,1.000000000000000000e+00,3.500000000000000000e+01,0.000000000000000000e+00,2.356443999999999960e+03,-7.720078000000000218e-01,8.021350000000000424e-01,6.614202000000000137e-01,-4.513715999999999839e-01,3.100000000000000000e+01,1.184230000000000005e-02,-1.101695000000000000e+05,1.424969000000000097e-01,0.000000000000000000e+00
5.900000000000000000e+01,1.488454999999999917e-01,-8.441450000000000342e-01,5.150381000000000542e-01,4.000000000000000000e+00,2.600000000000000000e+01,1.000000000000000000e+00,3.700000000000000000e+01,0.000000000000000000e+00,2.356572999999999865e+03,7.730569999999999942e-01,-8.063749000000000056e-01,-6.600865999999999678e-01,4.557937000000000238e-01,7.700000000000000000e+01,1.184230000000000005e-02,-1.069438000000000029e+05,1.561586000000000085e-01,0.000000000000000000e+00
6.000000000000000000e+01,1.503837000000000090e-01,-8.528685000000000294e-01,5.000000000000000000e-01,4.000000000000000000e+00,2.600000000000000000e+01,1.000000000000000000e+00,3.500000000000000000e+01,0.000000000000000000e+00,2.389945000000000164e+03,-7.731698999999999655e-01,8.066332000000000502e-01,6.491945000000000077e-01,-4.796270000000000255e-01,3.000000000000000000e+01,1.172116999999999951e-02,-8.377411999999999534e+04,1.852359000000000089e-01,0.000000000000000000e+00
6.000000000000000000e+01,1.503837000000000090e-01,-8.528685000000000294e-01,5.000000000000000000e-01,4.000000000000000000e+00,2.600000000000000000e+01,1.000000000000000000e+00,3.700000000000000000e+01,0.000000000000000000e+00,2.389784999999999854e+03,7.757161999999999669e-01,-8.059439999999999937e-01,-6.487365000000000492e-01,4.796510999999999969e-01,7.900000000000000000e+01,1.172116999999999951e-02,-8.369313999999999942e+04,1.894926999999999861e-01,0.000000000000000000e+00
6.100000000000000000e+01,1.518761000000000139e-01,-8.613323000000000507e-01,4.848096000000000072e-01,4.000000000000000000e+00,2.600000000000000000e+01,1.000000000000000000e+00,3.500000000000000000e+01,0.000000000000000000e+00,2.436239000000000033e+03,-7.773187000000000291e-01,8.146177000000000001e-01,6.368182999999999483e-01,-5.109770000000000145e-01,2.900000000000000000e+01,1.160599000000000006e-02,-9.475130000000000291e+04,1.890978000000000103e-01,0.000000000000000000e+00
6.100000000000000000e+01,1.518761000000000139e-01,-8.613323000000000507e-01,4.848096000000000072e-01,4.000000000000000000e+00,2.600000000000000000e+01,1.000000000000000000e+00,3.700000000000000000e+01,0.000000000000000000e+00,2.436577000000000226e+03,7.760768999999999584e-01,-8.150431000000000203e-01,-6.371181000000000205e-01,5.110095000000000054e-01,8.000000000000000000e+01,1.160599000000000006e-02,-9.576205000000000291e+04,1.792597999999999969e-01,0.000000000000000000e+00
6.200000000000000000e+01,1.533221999999999918e-01,-8.695336000000000176e-01,4.694715999999999889e-01,4.000000000000000000e+00,2.600000000000000000e+01,1.000000000000000000e+00,3.500000000000000000e+01,0.000000000000000000e+00,2.485855000000000018e+03,-7.799196999999999935e-01,8.142924000000000273e-01,6.225994000000000250e-01,-5.353409000000000084e-01,2.700000000000000000e+01,1.149652999999999960e-02,-8.019494999999999709e+04,2.191072000000000020e-01,0.000000000000000000e+00
6.200000000000000000e+01,1.533221999999999918e-01,-8.695336000000000176e-01,4.694715999999999889e-01,4.000000000000000000e+00,2.600000000000000000e+01,1.000000000000000000e+00,3.700000000000000000e+01,0.000000000000000000e+00,2.485858000000000175e+03,7.802761999999999754e-01,-8.141876000000000113e-01,-6.227409999999999890e-01,5.352379999999999916e-01,8.200000000000000000e+01,1.149652999999999960e-02,-8.057761000000000058e+04,2.170687000000000033e-01,0.000000000000000000e+00
6.300000000000000000e+01,1.547216999999999898e-01,-8.774701000000000306e-01,4.539905000000000190e-01,4.000000000000000000e+00,2.600000000000000000e+01,1.000000000000000000e+00,3.500000000000000000e+01,0.000000000000000000e+00,2.549137000000000171e+03,-7.868747999999999854e-01,8.208883999999999626e-01,6.047055999999999543e-01,-5.675210000000000532e-01,2.600000000000000000e+01,1.139253999999999961e-02,-8.681532000000000698e+04,2.607402999999999804e-01,0.000000000000000000e+00
6.300000000000000000e+01,1.547216999999999898e-01,-8.774701000000000306e-01,4.539905000000000190e-01,4.000000000000000000e+00,2.600000000000000000e+01,1.000000000000000000e+00,3.700000000000000000e+01,0.000000000000000000e+00,2.549168000000000120e+03,7.855531000000000041e-01,-8.215390000000000192e-01,-6.058670999999999918e-01,5.673601000000000338e-01,8.300000000000000000e+01,1.139253999999999961e-02,-8.647916999999999825e+04,2.576125000000000220e-01,0.000000000000000000e+00
6.400000000000000000e+01,1.560738999999999876e-01,-8.851392999999999622e-01,4.383711000000000135e-01,4.000000000000000000e+00,2.600000000000000000e+01,1.000000000000000000e+00,1.500000000000000000e+01,0.000000000000000000e+00,2.599798999999999978e+03,-8.185126999999999819e-01,8.192066000000000070e-01,5.082210999999999812e-01,-6.300710000000000477e-01,2.200000000000000000e+01,1.129383999999999943e-02,4.821941999999999825e+04,2.290217999999999976e-01,0.000000000000000000e+00
6.400000000000000000e+01,1.560738999999999876e-01,-8.851392999999999622e-01,4.383711000000000135e-01,4.000000000000000000e+00,2.600000000000000000e+01,1.000000000000000000e+00,6.000000000000000000e+00,0.000000000000000000e+00,2.599670999999999822e+03,8.198467999999999867e-01,-8.173274000000000372e-01,-5.052503999999999884e-01,6.299181999999999837e-01,8.700000000000000000e+01,1.129383999999999943e-02,4.852511000000000058e+04,2.291650000000000076e-01,0.000000000000000000e+00
