  6.0000000e+000	 -1.4815270e-003	
  6.0120120e+000	 -1.4395556e-003	
  6.0240240e+000	 -1.8325280e-003	
  6.0360360e+000	 -1.4429104e-003	
  6.0480480e+000	 -1.5870027e-003	
  6.0600601e+000	 -1.8580033e-003	
  6.0720721e+000	 -1.7711227e-003	
  6.0840841e+000	 -1.6405365e-003	
  6.0960961e+000	 -1.4388364e-003	
  6.1081081e+000	 -1.4387652e-003	
  6.1201201e+000	 -1.8460298e-003	
  6.1321321e+000	 -1.4431738e-003	
  6.1441441e+000	 -1.4535278e-003	
  6.1561562e+000	 -1.6930716e-003	
  6.1681682e+000	 -1.5392745e-003	
  6.1801802e+000	 -1.8721340e-003	
  6.1921922e+000	 -1.7358661e-003	
  6.2042042e+000	 -1.4925557e-003	
  6.2162162e+000	 -1.5580036e-003	
  6.2282282e+000	 -1.4780520e-003	
  6.2402402e+000	 -1.6336259e-003	
  6.2522523e+000	 -1.9473456e-003	
  6.2642643e+000	 -1.5443491e-003	
  6.2762763e+000	 -1.5056366e-003	
  6.2882883e+000	 -1.6369922e-003	
  6.3003003e+000	 -1.6012234e-003	
  6.3123123e+000	 -1.6122680e-003	
  6.3243243e+000	 -1.7914687e-003	
  6.3363363e+000	 -1.6635983e-003	
  6.3483483e+000	 -1.9095061e-003	
  6.3603604e+000	 -1.6458457e-003	
  6.3723724e+000	 -1.9867288e-003	
  6.3843844e+000	 -1.8679672e-003	
  6.3963964e+000	 -1.9871337e-003	
  6.4084084e+000	 -1.9654514e-003	
  6.4204204e+000	 -1.6060933e-003	
  6.4324324e+000	 -1.6742199e-003	
  6.4444444e+000	 -1.8669037e-003	
  6.4564565e+000	 -1.5541687e-003	
  6.4684685e+000	 -2.0158902e-003	
  6.4804805e+000	 -1.8175816e-003	
  6.4924925e+000	 -1.8500222e-003	
  6.5045045e+000	 -1.6618979e-003	
  6.5165165e+000	 -1.6509183e-003	
  6.5285285e+000	 -1.9589510e-003	
  6.5405405e+000	 -1.8113813e-003	
  6.5525526e+000	 -1.8373537e-003	
  6.5645646e+000	 -1.7408807e-003	
  6.5765766e+000	 -1.7132524e-003	
  6.5885886e+000	 -1.6944962e-003	
  6.6006006e+000	 -1.9377388e-003	
  6.6126126e+000	 -1.7398189e-003	
  6.6246246e+000	 -1.7560473e-003	
  6.6366366e+000	 -2.0062237e-003	
  6.6486486e+000	 -2.0319710e-003	
  6.6606607e+000	 -1.8462353e-003	
  6.6726727e+000	 -1.6194999e-003	
  6.6846847e+000	 -1.9331407e-003	
  6.6966967e+000	 -1.8146685e-003	
  6.7087087e+000	 -1.9993724e-003	
  6.7207207e+000	 -1.7396279e-003	
  6.7327327e+000	 -1.9917040e-003	
  6.7447447e+000	 -1.8702704e-003	
  6.7567568e+000	 -1.7777150e-003	
  6.7687688e+000	 -1.6858133e-003	
  6.7807808e+000	 -1.6556379e-003	
  6.7927928e+000	 -1.8657017e-003	
  6.8048048e+000	 -2.0740302e-003	
  6.8168168e+000	 -2.0727355e-003	
  6.8288288e+000	 -2.0226756e-003	
  6.8408408e+000	 -1.7351254e-003	
  6.8528529e+000	 -2.0324044e-003	
  6.8648649e+000	 -1.7564717e-003	
  6.8768769e+000	 -2.0459273e-003	
  6.8888889e+000	 -1.7071408e-003	
  6.9009009e+000	 -2.0008707e-003	
  6.9129129e+000	 -2.0816620e-003	
  6.9249249e+000	 -2.0585219e-003	
  6.9369369e+000	 -1.8801528e-003	
  6.9489489e+000	 -1.9556492e-003	
  6.9609610e+000	 -2.0205894e-003	
  6.9729730e+000	 -1.7851376e-003	
  6.9849850e+000	 -1.9120597e-003	
  6.9969970e+000	 -1.9339769e-003	
  7.0090090e+000	 -1.7543959e-003	
  7.0210210e+000	 -2.0742345e-003	
  7.0330330e+000	 -1.8427222e-003	
  7.0450450e+000	 -1.8486332e-003	
  7.0570571e+000	 -2.0394574e-003	
  7.0690691e+000	 -1.9499592e-003	
  7.0810811e+000	 -2.2001398e-003	
  7.0930931e+000	 -2.2152958e-003	
  7.1051051e+000	 -1.9810832e-003	
  7.1171171e+000	 -1.8611165e-003	
  7.1291291e+000	 -1.7879201e-003	
  7.1411411e+000	 -2.1942048e-003	
  7.1531532e+000	 -1.9789857e-003	
  7.1651652e+000	 -2.0329489e-003	
  7.1771772e+000	 -2.2659470e-003	
  7.1891892e+000	 -2.1075977e-003	
  7.2012012e+000	 -2.1993360e-003	
  7.2132132e+000	 -1.8875601e-003	
  7.2252252e+000	 -2.1333772e-003	
  7.2372372e+000	 -2.0290076e-003	
  7.2492492e+000	 -2.2147464e-003	
  7.2612613e+000	 -2.0008835e-003	
  7.2732733e+000	 -2.1746996e-003	
  7.2852853e+000	 -1.9834637e-003	
  7.2972973e+000	 -1.9702211e-003	
  7.3093093e+000	 -1.9450848e-003	
  7.3213213e+000	 -2.0982291e-003	
  7.3333333e+000	 -2.2859357e-003	
  7.3453453e+000	 -2.2177115e-003	
  7.3573574e+000	 -1.8798920e-003	
  7.3693694e+000	 -2.2647395e-003	
  7.3813814e+000	 -1.9323950e-003	
  7.3933934e+000	 -2.0805144e-003	
  7.4054054e+000	 -1.8560074e-003	
  7.4174174e+000	 -2.3193834e-003	
  7.4294294e+000	 -2.1415355e-003	
  7.4414414e+000	 -2.3139588e-003	
  7.4534535e+000	 -1.8907539e-003	
  7.4654655e+000	 -2.3738107e-003	
  7.4774775e+000	 -1.9931045e-003	
  7.4894895e+000	 -1.9763472e-003	
  7.5015015e+000	 -1.9550977e-003	
  7.5135135e+000	 -2.3516805e-003	
  7.5255255e+000	 -2.1984676e-003	
  7.5375375e+000	 -2.2728913e-003	
  7.5495495e+000	 -2.0072670e-003	
  7.5615616e+000	 -2.1960761e-003	
  7.5735736e+000	 -1.9609482e-003	
  7.5855856e+000	 -2.3298446e-003	
  7.5975976e+000	 -2.2933699e-003	
  7.6096096e+000	 -2.3570122e-003	
  7.6216216e+000	 -2.3662649e-003	
  7.6336336e+000	 -2.0041777e-003	
  7.6456456e+000	 -2.1535032e-003	
  7.6576577e+000	 -2.1729642e-003	
  7.6696697e+000	 -2.3799629e-003	
  7.6816817e+000	 -2.0304779e-003	
  7.6936937e+000	 -2.1505261e-003	
  7.7057057e+000	 -2.2906448e-003	
  7.7177177e+000	 -2.2140707e-003	
  7.7297297e+000	 -2.2743731e-003	
  7.7417417e+000	 -2.4418825e-003	
  7.7537538e+000	 -2.3645036e-003	
  7.7657658e+000	 -2.4274052e-003	
  7.7777778e+000	 -2.4017209e-003	
  7.7897898e+000	 -2.3783157e-003	
  7.8018018e+000	 -2.2942828e-003	
  7.8138138e+000	 -2.4827206e-003	
  7.8258258e+000	 -2.0608284e-003	
  7.8378378e+000	 -2.0444386e-003	
  7.8498498e+000	 -2.2760530e-003	
  7.8618619e+000	 -2.2815187e-003	
  7.8738739e+000	 -2.3619524e-003	
  7.8858859e+000	 -2.0854594e-003	
  7.8978979e+000	 -2.3555443e-003	
  7.9099099e+000	 -2.4892548e-003	
  7.9219219e+000	 -2.1594257e-003	
  7.9339339e+000	 -2.3593851e-003	
  7.9459459e+000	 -2.4381187e-003	
  7.9579580e+000	 -2.3617253e-003	
  7.9699700e+000	 -2.5201782e-003	
  7.9819820e+000	 -2.5071501e-003	
  7.9939940e+000	 -2.1068498e-003	
  8.0060060e+000	 -2.1045533e-003	
  8.0180180e+000	 -2.2997689e-003	
  8.0300300e+000	 -2.5622431e-003	
  8.0420420e+000	 -2.4795098e-003	
  8.0540541e+000	 -2.4250945e-003	
  8.0660661e+000	 -2.1958578e-003	
  8.0780781e+000	 -2.6035414e-003	
  8.0900901e+000	 -2.5945266e-003	
  8.1021021e+000	 -2.5363459e-003	
  8.1141141e+000	 -2.3010928e-003	
  8.1261261e+000	 -2.2646061e-003	
  8.1381381e+000	 -2.3114182e-003	
  8.1501502e+000	 -2.4146603e-003	
  8.1621622e+000	 -2.3714558e-003	
  8.1741742e+000	 -2.5016451e-003	
  8.1861862e+000	 -2.2823115e-003	
  8.1981982e+000	 -2.5650399e-003	
  8.2102102e+000	 -2.3209963e-003	
  8.2222222e+000	 -2.5775022e-003	
  8.2342342e+000	 -2.4898963e-003	
  8.2462462e+000	 -2.3662173e-003	
  8.2582583e+000	 -2.2938080e-003	
  8.2702703e+000	 -2.6482611e-003	
  8.2822823e+000	 -2.2290403e-003	
  8.2942943e+000	 -2.3107935e-003	
  8.3063063e+000	 -2.4601776e-003	
  8.3183183e+000	 -2.4905749e-003	
  8.3303303e+000	 -2.4900502e-003	
  8.3423423e+000	 -2.5652123e-003	
  8.3543544e+000	 -2.4690848e-003	
  8.3663664e+000	 -2.4729126e-003	
  8.3783784e+000	 -2.3244509e-003	
  8.3903904e+000	 -2.3408226e-003	
  8.4024024e+000	 -2.4210599e-003	
  8.4144144e+000	 -2.5589020e-003	
  8.4264264e+000	 -2.3474113e-003	
  8.4384384e+000	 -2.4917907e-003	
  8.4504505e+000	 -2.5878491e-003	
  8.4624625e+000	 -2.2987281e-003	
  8.4744745e+000	 -2.3352809e-003	
  8.4864865e+000	 -2.5032046e-003	
  8.4984985e+000	 -2.4720829e-003	
  8.5105105e+000	 -2.4948428e-003	
  8.5225225e+000	 -2.6895459e-003	
  8.5345345e+000	 -2.6478529e-003	
  8.5465465e+000	 -2.5680805e-003	
  8.5585586e+000	 -2.6933713e-003	
  8.5705706e+000	 -2.3915414e-003	
  8.5825826e+000	 -2.7214012e-003	
  8.5945946e+000	 -2.7109170e-003	
  8.6066066e+000	 -2.7436257e-003	
  8.6186186e+000	 -2.7202564e-003	
  8.6306306e+000	 -2.6213552e-003	
  8.6426426e+000	 -2.6887766e-003	
  8.6546547e+000	 -2.3877681e-003	
  8.6666667e+000	 -2.6394916e-003	
  8.6786787e+000	 -2.7673317e-003	
  8.6906907e+000	 -2.4124510e-003	
  8.7027027e+000	 -2.3801760e-003	
  8.7147147e+000	 -2.6557811e-003	
  8.7267267e+000	 -2.8248295e-003	
  8.7387387e+000	 -2.7565369e-003	
  8.7507508e+000	 -2.6863966e-003	
  8.7627628e+000	 -2.5985029e-003	
  8.7747748e+000	 -2.7700465e-003	
  8.7867868e+000	 -2.6049395e-003	
  8.7987988e+000	 -2.5559689e-003	
  8.8108108e+000	 -2.8059263e-003	
  8.8228228e+000	 -2.8633209e-003	
  8.8348348e+000	 -2.7789289e-003	
  8.8468468e+000	 -2.7731219e-003	
  8.8588589e+000	 -2.7256791e-003	
  8.8708709e+000	 -2.6890918e-003	
  8.8828829e+000	 -2.9055287e-003	
  8.8948949e+000	 -2.8223183e-003	
  8.9069069e+000	 -2.5583320e-003	
  8.9189189e+000	 -2.9495161e-003	
  8.9309309e+000	 -2.5049934e-003	
  8.9429429e+000	 -2.6095563e-003	
  8.9549550e+000	 -2.7357256e-003	
  8.9669670e+000	 -2.6960831e-003	
  8.9789790e+000	 -2.8720264e-003	
  8.9909910e+000	 -2.7665736e-003	
  9.0030030e+000	 -2.5197906e-003	
  9.0150150e+000	 -2.7332760e-003	
  9.0270270e+000	 -2.7514621e-003	
  9.0390390e+000	 -2.9015911e-003	
  9.0510511e+000	 -2.7783048e-003	
  9.0630631e+000	 -2.7160962e-003	
  9.0750751e+000	 -2.6939381e-003	
  9.0870871e+000	 -2.8411350e-003	
  9.0990991e+000	 -2.8605682e-003	
  9.1111111e+000	 -2.5556965e-003	
  9.1231231e+000	 -3.0362263e-003	
  9.1351351e+000	 -2.6179270e-003	
  9.1471471e+000	 -2.6092899e-003	
  9.1591592e+000	 -2.6732709e-003	
  9.1711712e+000	 -3.0274434e-003	
  9.1831832e+000	 -2.9513077e-003	
  9.1951952e+000	 -2.9200158e-003	
  9.2072072e+000	 -2.7532882e-003	
  9.2192192e+000	 -3.0303408e-003	
  9.2312312e+000	 -2.7434759e-003	
  9.2432432e+000	 -3.0561881e-003	
  9.2552553e+000	 -2.7881769e-003	
  9.2672673e+000	 -2.8734622e-003	
  9.2792793e+000	 -2.7365241e-003	
  9.2912913e+000	 -2.7740393e-003	
  9.3033033e+000	 -2.6852126e-003	
  9.3153153e+000	 -2.6971338e-003	
  9.3273273e+000	 -2.9810428e-003	
  9.3393393e+000	 -2.8042878e-003	
  9.3513514e+000	 -3.0602993e-003	
  9.3633634e+000	 -3.1494844e-003	
  9.3753754e+000	 -2.7982755e-003	
  9.3873874e+000	 -2.9258664e-003	
  9.3993994e+000	 -2.9414885e-003	
  9.4114114e+000	 -2.7346676e-003	
  9.4234234e+000	 -2.8876817e-003	
  9.4354354e+000	 -2.8893752e-003	
  9.4474474e+000	 -2.7740878e-003	
  9.4594595e+000	 -2.8066719e-003	
  9.4714715e+000	 -2.9266706e-003	
  9.4834835e+000	 -3.1291921e-003	
  9.4954955e+000	 -3.1063163e-003	
  9.5075075e+000	 -2.7886625e-003	
  9.5195195e+000	 -3.2232247e-003	
  9.5315315e+000	 -2.9982615e-003	
  9.5435435e+000	 -3.1649061e-003	
  9.5555556e+000	 -2.7651940e-003	
  9.5675676e+000	 -2.9038589e-003	
  9.5795796e+000	 -3.0156492e-003	
  9.5915916e+000	 -3.0360269e-003	
  9.6036036e+000	 -3.2474548e-003	
  9.6156156e+000	 -2.9419786e-003	
  9.6276276e+000	 -3.2674564e-003	
  9.6396396e+000	 -3.2586637e-003	
  9.6516517e+000	 -3.0392832e-003	
  9.6636637e+000	 -3.2574719e-003	
  9.6756757e+000	 -2.9024986e-003	
  9.6876877e+000	 -2.9085423e-003	
  9.6996997e+000	 -2.9618462e-003	
  9.7117117e+000	 -3.2538906e-003	
  9.7237237e+000	 -3.0047851e-003	
  9.7357357e+000	 -3.0810618e-003	
  9.7477477e+000	 -2.8596507e-003	
  9.7597598e+000	 -3.0274280e-003	
  9.7717718e+000	 -2.9575513e-003	
  9.7837838e+000	 -3.1366178e-003	
  9.7957958e+000	 -3.1531281e-003	
  9.8078078e+000	 -2.9624812e-003	
  9.8198198e+000	 -3.3392246e-003	
  9.8318318e+000	 -3.3202026e-003	
  9.8438438e+000	 -3.3059294e-003	
  9.8558559e+000	 -3.2029976e-003	
  9.8678679e+000	 -2.9886266e-003	
  9.8798799e+000	 -3.0084913e-003	
  9.8918919e+000	 -3.3858021e-003	
  9.9039039e+000	 -3.2222801e-003	
  9.9159159e+000	 -3.1643495e-003	
  9.9279279e+000	 -3.2252732e-003	
  9.9399399e+000	 -3.1111356e-003	
  9.9519520e+000	 -3.1314787e-003	
  9.9639640e+000	 -3.3053803e-003	
  9.9759760e+000	 -3.2414608e-003	
  9.9879880e+000	 -3.4554639e-003	
  1.0000000e+001	 -2.9771039e-003	
  1.0012012e+001	 -3.3914870e-003	
  1.0024024e+001	 -3.4279056e-003	
  1.0036036e+001	 -3.3007586e-003	
  1.0048048e+001	 -3.3938610e-003	
  1.0060060e+001	 -3.2540403e-003	
  1.0072072e+001	 -3.3351085e-003	
  1.0084084e+001	 -3.0350181e-003	
  1.0096096e+001	 -3.0566527e-003	
  1.0108108e+001	 -3.4964726e-003	
  1.0120120e+001	 -3.1598816e-003	
  1.0132132e+001	 -3.4002576e-003	
  1.0144144e+001	 -3.3294133e-003	
  1.0156156e+001	 -3.2729166e-003	
  1.0168168e+001	 -3.0815116e-003	
  1.0180180e+001	 -3.3500432e-003	
  1.0192192e+001	 -3.0734313e-003	
  1.0204204e+001	 -3.4202795e-003	
  1.0216216e+001	 -3.2265142e-003	
  1.0228228e+001	 -3.2499578e-003	
  1.0240240e+001	 -3.3196348e-003	
  1.0252252e+001	 -3.2462232e-003	
  1.0264264e+001	 -3.2680971e-003	
  1.0276276e+001	 -3.5183870e-003	
  1.0288288e+001	 -3.5495453e-003	
  1.0300300e+001	 -3.1201187e-003	
  1.0312312e+001	 -3.5402119e-003	
  1.0324324e+001	 -3.6155927e-003	
  1.0336336e+001	 -3.3574211e-003	
  1.0348348e+001	 -3.2032226e-003	
  1.0360360e+001	 -3.3157103e-003	
  1.0372372e+001	 -3.5612305e-003	
  1.0384384e+001	 -3.4781452e-003	
  1.0396396e+001	 -3.4384039e-003	
  1.0408408e+001	 -3.1841184e-003	
  1.0420420e+001	 -3.6029126e-003	
  1.0432432e+001	 -3.2595385e-003	
  1.0444444e+001	 -3.3711096e-003	
  1.0456456e+001	 -3.5115548e-003	
  1.0468468e+001	 -3.6104352e-003	
  1.0480480e+001	 -3.4979839e-003	
  1.0492492e+001	 -3.4773198e-003	
  1.0504505e+001	 -3.6642526e-003	
  1.0516517e+001	 -3.4360393e-003	
  1.0528529e+001	 -3.6239410e-003	
  1.0540541e+001	 -3.5509743e-003	
  1.0552553e+001	 -3.4580467e-003	
  1.0564565e+001	 -3.6299000e-003	
  1.0576577e+001	 -3.6168531e-003	
  1.0588589e+001	 -3.4598054e-003	
  1.0600601e+001	 -3.6419949e-003	
  1.0612613e+001	 -3.3687389e-003	
  1.0624625e+001	 -3.2958942e-003	
  1.0636637e+001	 -3.4284074e-003	
  1.0648649e+001	 -3.6279064e-003	
  1.0660661e+001	 -3.5141304e-003	
  1.0672673e+001	 -3.7586079e-003	
  1.0684685e+001	 -3.3656728e-003	
  1.0696697e+001	 -3.3853415e-003	
  1.0708709e+001	 -3.4226368e-003	
  1.0720721e+001	 -3.7075089e-003	
  1.0732733e+001	 -3.5470577e-003	
  1.0744745e+001	 -3.8393496e-003	
  1.0756757e+001	 -3.6443534e-003	
  1.0768769e+001	 -3.7070080e-003	
  1.0780781e+001	 -3.7890165e-003	
  1.0792793e+001	 -3.7867743e-003	
  1.0804805e+001	 -3.6711203e-003	
  1.0816817e+001	 -3.8418613e-003	
  1.0828829e+001	 -3.5961341e-003	
  1.0840841e+001	 -3.6663608e-003	
  1.0852853e+001	 -3.5602825e-003	
  1.0864865e+001	 -3.5647546e-003	
  1.0876877e+001	 -3.6018815e-003	
  1.0888889e+001	 -3.9108006e-003	
  1.0900901e+001	 -3.8996621e-003	
  1.0912913e+001	 -3.7807352e-003	
  1.0924925e+001	 -3.6815798e-003	
  1.0936937e+001	 -3.6262732e-003	
  1.0948949e+001	 -3.7561776e-003	
  1.0960961e+001	 -3.5564949e-003	
  1.0972973e+001	 -3.6138115e-003	
  1.0984985e+001	 -3.4951789e-003	
  1.0996997e+001	 -3.7203563e-003	
  1.1009009e+001	 -3.8299773e-003	
  1.1021021e+001	 -3.9462695e-003	
  1.1033033e+001	 -3.7001458e-003	
  1.1045045e+001	 -3.6227722e-003	
  1.1057057e+001	 -3.8070022e-003	
  1.1069069e+001	 -3.9798795e-003	
  1.1081081e+001	 -3.8986249e-003	
  1.1093093e+001	 -3.9616090e-003	
  1.1105105e+001	 -3.9045186e-003	
  1.1117117e+001	 -3.8315696e-003	
  1.1129129e+001	 -3.7946389e-003	
  1.1141141e+001	 -3.8361033e-003	
  1.1153153e+001	 -3.6337420e-003	
  1.1165165e+001	 -3.8190212e-003	
  1.1177177e+001	 -3.6128625e-003	
  1.1189189e+001	 -3.7724530e-003	
  1.1201201e+001	 -3.6191014e-003	
  1.1213213e+001	 -3.9842428e-003	
  1.1225225e+001	 -3.7731902e-003	
  1.1237237e+001	 -3.9733813e-003	
  1.1249249e+001	 -3.7886788e-003	
  1.1261261e+001	 -3.7836891e-003	
  1.1273273e+001	 -4.1039466e-003	
  1.1285285e+001	 -4.0172386e-003	
  1.1297297e+001	 -4.0393115e-003	
  1.1309309e+001	 -3.8241201e-003	
  1.1321321e+001	 -3.7425525e-003	
  1.1333333e+001	 -3.9992366e-003	
  1.1345345e+001	 -3.7879343e-003	
  1.1357357e+001	 -3.8472615e-003	
  1.1369369e+001	 -4.1883105e-003	
  1.1381381e+001	 -3.8973306e-003	
  1.1393393e+001	 -4.0117851e-003	
  1.1405405e+001	 -3.7539370e-003	
  1.1417417e+001	 -4.2181262e-003	
  1.1429429e+001	 -3.9942534e-003	
  1.1441441e+001	 -4.0200868e-003	
  1.1453453e+001	 -4.0085936e-003	
  1.1465465e+001	 -3.8607695e-003	
  1.1477477e+001	 -4.0914182e-003	
  1.1489489e+001	 -3.8670962e-003	
  1.1501502e+001	 -4.0306063e-003	
  1.1513514e+001	 -4.2552296e-003	
  1.1525526e+001	 -4.1920070e-003	
  1.1537538e+001	 -3.9259055e-003	
  1.1549550e+001	 -4.0568890e-003	
  1.1561562e+001	 -4.2241260e-003	
  1.1573574e+001	 -4.1367860e-003	
  1.1585586e+001	 -4.0105225e-003	
  1.1597598e+001	 -4.2252205e-003	
  1.1609610e+001	 -3.9587628e-003	
  1.1621622e+001	 -4.2134416e-003	
  1.1633634e+001	 -3.8830516e-003	
  1.1645646e+001	 -4.2141374e-003	
  1.1657658e+001	 -3.9728298e-003	
  1.1669670e+001	 -4.2681675e-003	
  1.1681682e+001	 -4.2256753e-003	
  1.1693694e+001	 -4.3308006e-003	
  1.1705706e+001	 -4.0951927e-003	
  1.1717718e+001	 -4.0485630e-003	
  1.1729730e+001	 -4.1239024e-003	
  1.1741742e+001	 -4.1912961e-003	
  1.1753754e+001	 -4.0889077e-003	
  1.1765766e+001	 -4.0942960e-003	
  1.1777778e+001	 -4.0855793e-003	
  1.1789790e+001	 -4.1141843e-003	
  1.1801802e+001	 -3.9664877e-003	
  1.1813814e+001	 -4.3416115e-003	
  1.1825826e+001	 -4.0984494e-003	
  1.1837838e+001	 -4.3419935e-003	
  1.1849850e+001	 -4.4074362e-003	
  1.1861862e+001	 -4.1705151e-003	
  1.1873874e+001	 -4.2561381e-003	
  1.1885886e+001	 -4.2588912e-003	
  1.1897898e+001	 -4.1643356e-003	
  1.1909910e+001	 -4.1172265e-003	
  1.1921922e+001	 -4.3343286e-003	
  1.1933934e+001	 -4.1855083e-003	
  1.1945946e+001	 -4.3155164e-003	
  1.1957958e+001	 -4.1097208e-003	
  1.1969970e+001	 -4.1213238e-003	
  1.1981982e+001	 -4.4166657e-003	
  1.1993994e+001	 -4.2452670e-003	
  1.2006006e+001	 -4.2679910e-003	
  1.2018018e+001	 -4.2958712e-003	
  1.2030030e+001	 -4.1384029e-003	
  1.2042042e+001	 -4.4481235e-003	
  1.2054054e+001	 -4.4286227e-003	
  1.2066066e+001	 -4.5352063e-003	
  1.2078078e+001	 -4.1320598e-003	
  1.2090090e+001	 -4.2863667e-003	
  1.2102102e+001	 -4.3765863e-003	
  1.2114114e+001	 -4.3038418e-003	
  1.2126126e+001	 -4.3583317e-003	
  1.2138138e+001	 -4.3142306e-003	
  1.2150150e+001	 -4.3731471e-003	
  1.2162162e+001	 -4.2917776e-003	
  1.2174174e+001	 -4.3982713e-003	
  1.2186186e+001	 -4.1698917e-003	
  1.2198198e+001	 -4.5646380e-003	
  1.2210210e+001	 -4.6283165e-003	
  1.2222222e+001	 -4.6336134e-003	
  1.2234234e+001	 -4.6639201e-003	
  1.2246246e+001	 -4.5006865e-003	
  1.2258258e+001	 -4.4860579e-003	
  1.2270270e+001	 -4.5346112e-003	
  1.2282282e+001	 -4.3430491e-003	
  1.2294294e+001	 -4.4181425e-003	
  1.2306306e+001	 -4.3533968e-003	
  1.2318318e+001	 -4.2802637e-003	
  1.2330330e+001	 -4.2676307e-003	
  1.2342342e+001	 -4.6653047e-003	
  1.2354354e+001	 -4.6992066e-003	
  1.2366366e+001	 -4.4278426e-003	
  1.2378378e+001	 -4.7364048e-003	
  1.2390390e+001	 -4.5279589e-003	
  1.2402402e+001	 -4.5328423e-003	
  1.2414414e+001	 -4.3748050e-003	
  1.2426426e+001	 -4.5703159e-003	
  1.2438438e+001	 -4.6233891e-003	
  1.2450450e+001	 -4.4917836e-003	
  1.2462462e+001	 -4.4642592e-003	
  1.2474474e+001	 -4.5822580e-003	
  1.2486486e+001	 -4.6758312e-003	
  1.2498498e+001	 -4.7820993e-003	
  1.2510511e+001	 -4.5714694e-003	
  1.2522523e+001	 -4.7408673e-003	
  1.2534535e+001	 -4.8571447e-003	
  1.2546547e+001	 -4.5093440e-003	
  1.2558559e+001	 -4.7728639e-003	
  1.2570571e+001	 -4.6805086e-003	
  1.2582583e+001	 -4.5652719e-003	
  1.2594595e+001	 -4.7370233e-003	
  1.2606607e+001	 -4.5559418e-003	
  1.2618619e+001	 -4.7342397e-003	
  1.2630631e+001	 -4.5973743e-003	
  1.2642643e+001	 -4.5945544e-003	
  1.2654655e+001	 -4.7329284e-003	
  1.2666667e+001	 -4.9518024e-003	
  1.2678679e+001	 -4.8036795e-003	
  1.2690691e+001	 -4.7644781e-003	
  1.2702703e+001	 -4.8490291e-003	
  1.2714715e+001	 -4.8931761e-003	
  1.2726727e+001	 -4.5883881e-003	
  1.2738739e+001	 -4.7918409e-003	
  1.2750751e+001	 -4.5704761e-003	
  1.2762763e+001	 -4.8263372e-003	
  1.2774775e+001	 -4.6449458e-003	
  1.2786787e+001	 -4.8386886e-003	
  1.2798799e+001	 -4.6404158e-003	
  1.2810811e+001	 -4.6747299e-003	
  1.2822823e+001	 -4.8711735e-003	
  1.2834835e+001	 -4.9594717e-003	
  1.2846847e+001	 -4.6798945e-003	
  1.2858859e+001	 -4.6080703e-003	
  1.2870871e+001	 -4.9265708e-003	
  1.2882883e+001	 -4.7623597e-003	
  1.2894895e+001	 -4.8863149e-003	
  1.2906907e+001	 -4.6965397e-003	
  1.2918919e+001	 -4.7365227e-003	
  1.2930931e+001	 -5.0449899e-003	
  1.2942943e+001	 -4.7053004e-003	
  1.2954955e+001	 -4.6490357e-003	
  1.2966967e+001	 -4.8944483e-003	
  1.2978979e+001	 -4.7172149e-003	
  1.2990991e+001	 -4.8730449e-003	
  1.3003003e+001	 -5.0973914e-003	
  1.3015015e+001	 -5.0825529e-003	
  1.3027027e+001	 -4.9867308e-003	
  1.3039039e+001	 -4.8235864e-003	
  1.3051051e+001	 -4.7928855e-003	
  1.3063063e+001	 -4.8184411e-003	
  1.3075075e+001	 -5.0619129e-003	
  1.3087087e+001	 -4.9619025e-003	
  1.3099099e+001	 -5.1917258e-003	
  1.3111111e+001	 -5.1886221e-003	
  1.3123123e+001	 -5.1841095e-003	
  1.3135135e+001	 -4.9207177e-003	
  1.3147147e+001	 -5.0202505e-003	
  1.3159159e+001	 -5.1807860e-003	
  1.3171171e+001	 -5.0359477e-003	
  1.3183183e+001	 -5.2174630e-003	
  1.3195195e+001	 -5.2716037e-003	
  1.3207207e+001	 -4.8815652e-003	
  1.3219219e+001	 -5.0344797e-003	
  1.3231231e+001	 -4.8578000e-003	
  1.3243243e+001	 -4.9821230e-003	
  1.3255255e+001	 -5.0469204e-003	
  1.3267267e+001	 -4.9384836e-003	
  1.3279279e+001	 -4.9145488e-003	
  1.3291291e+001	 -4.8674806e-003	
  1.3303303e+001	 -5.3695630e-003	
  1.3315315e+001	 -4.9449998e-003	
  1.3327327e+001	 -5.0793378e-003	
  1.3339339e+001	 -4.8985551e-003	
  1.3351351e+001	 -5.1376065e-003	
  1.3363363e+001	 -5.1696082e-003	
  1.3375375e+001	 -5.0166266e-003	
  1.3387387e+001	 -5.3113166e-003	
  1.3399399e+001	 -5.1841357e-003	
  1.3411411e+001	 -4.9907085e-003	
  1.3423423e+001	 -5.1617631e-003	
  1.3435435e+001	 -5.0344708e-003	
  1.3447447e+001	 -5.0957130e-003	
  1.3459459e+001	 -5.1800200e-003	
  1.3471471e+001	 -5.3576338e-003	
  1.3483483e+001	 -5.1557876e-003	
  1.3495495e+001	 -5.4552561e-003	
  1.3507508e+001	 -5.1920265e-003	
  1.3519520e+001	 -5.1825501e-003	
  1.3531532e+001	 -5.1561696e-003	
  1.3543544e+001	 -5.0836998e-003	
  1.3555556e+001	 -5.0459616e-003	
  1.3567568e+001	 -5.1606432e-003	
  1.3579580e+001	 -5.2624862e-003	
  1.3591592e+001	 -5.0971117e-003	
  1.3603604e+001	 -5.2792889e-003	
  1.3615616e+001	 -5.5689157e-003	
  1.3627628e+001	 -5.5250575e-003	
  1.3639640e+001	 -5.1622192e-003	
  1.3651652e+001	 -5.3595207e-003	
  1.3663664e+001	 -5.1873426e-003	
  1.3675676e+001	 -5.5131766e-003	
  1.3687688e+001	 -5.3498492e-003	
  1.3699700e+001	 -5.3191761e-003	
  1.3711712e+001	 -5.6262523e-003	
  1.3723724e+001	 -5.3430283e-003	
  1.3735736e+001	 -5.4773236e-003	
  1.3747748e+001	 -5.6419144e-003	
  1.3759760e+001	 -5.4300542e-003	
  1.3771772e+001	 -5.5867497e-003	
  1.3783784e+001	 -5.6296358e-003	
  1.3795796e+001	 -5.5966105e-003	
  1.3807808e+001	 -5.6342871e-003	
  1.3819820e+001	 -5.6212027e-003	
  1.3831832e+001	 -5.7026138e-003	
  1.3843844e+001	 -5.4145495e-003	
  1.3855856e+001	 -5.5994306e-003	
  1.3867868e+001	 -5.4792883e-003	
  1.3879880e+001	 -5.4092349e-003	
  1.3891892e+001	 -5.5154953e-003	
  1.3903904e+001	 -5.5053968e-003	
  1.3915916e+001	 -5.5589570e-003	
  1.3927928e+001	 -5.7278407e-003	
  1.3939940e+001	 -5.5528936e-003	
  1.3951952e+001	 -5.3798457e-003	
  1.3963964e+001	 -5.3776607e-003	
  1.3975976e+001	 -5.6877641e-003	
  1.3987988e+001	 -5.7269745e-003	
  1.4000000e+001	 -5.5570164e-003	
  1.4012012e+001	 -5.5276584e-003	
  1.4024024e+001	 -5.6476151e-003	
  1.4036036e+001	 -5.7614643e-003	
  1.4048048e+001	 -5.3988150e-003	
  1.4060060e+001	 -5.8400826e-003	
  1.4072072e+001	 -5.8366073e-003	
  1.4084084e+001	 -5.8267924e-003	
  1.4096096e+001	 -5.8229408e-003	
  1.4108108e+001	 -5.6040568e-003	
  1.4120120e+001	 -5.6360536e-003	
  1.4132132e+001	 -5.9052489e-003	
  1.4144144e+001	 -5.4740737e-003	
  1.4156156e+001	 -5.5837372e-003	
  1.4168168e+001	 -5.5875480e-003	
  1.4180180e+001	 -5.9331745e-003	
  1.4192192e+001	 -5.5430716e-003	
  1.4204204e+001	 -5.5145114e-003	
  1.4216216e+001	 -5.4979441e-003	
  1.4228228e+001	 -5.5691103e-003	
  1.4240240e+001	 -5.6142438e-003	
  1.4252252e+001	 -5.7587852e-003	
  1.4264264e+001	 -5.9351305e-003	
  1.4276276e+001	 -5.8331019e-003	
  1.4288288e+001	 -5.9739031e-003	
  1.4300300e+001	 -6.0339031e-003	
  1.4312312e+001	 -5.5882633e-003	
  1.4324324e+001	 -5.9156746e-003	
  1.4336336e+001	 -5.9270612e-003	
  1.4348348e+001	 -5.9168677e-003	
  1.4360360e+001	 -5.8583165e-003	
  1.4372372e+001	 -5.7762733e-003	
  1.4384384e+001	 -6.0962875e-003	
  1.4396396e+001	 -5.6963345e-003	
  1.4408408e+001	 -5.8464648e-003	
  1.4420420e+001	 -5.7074815e-003	
  1.4432432e+001	 -5.9691494e-003	
  1.4444444e+001	 -5.9286404e-003	
  1.4456456e+001	 -6.1331058e-003	
  1.4468468e+001	 -6.0802507e-003	
  1.4480480e+001	 -5.8459865e-003	
  1.4492492e+001	 -6.0205692e-003	
  1.4504505e+001	 -5.7453409e-003	
  1.4516517e+001	 -6.1441138e-003	
  1.4528529e+001	 -5.7175970e-003	
  1.4540541e+001	 -5.9504366e-003	
  1.4552553e+001	 -5.8755977e-003	
  1.4564565e+001	 -5.7379466e-003	
  1.4576577e+001	 -6.1024108e-003	
  1.4588589e+001	 -6.0477243e-003	
  1.4600601e+001	 -6.0312229e-003	
  1.4612613e+001	 -5.8903288e-003	
  1.4624625e+001	 -5.8718769e-003	
  1.4636637e+001	 -6.2395468e-003	
  1.4648649e+001	 -6.2092849e-003	
  1.4660661e+001	 -6.1272189e-003	
  1.4672673e+001	 -6.2873840e-003	
  1.4684685e+001	 -6.0635007e-003	
  1.4696697e+001	 -6.1652334e-003	
  1.4708709e+001	 -6.2540448e-003	
  1.4720721e+001	 -6.2461345e-003	
  1.4732733e+001	 -5.9067668e-003	
  1.4744745e+001	 -6.0303908e-003	
  1.4756757e+001	 -6.1426022e-003	
  1.4768769e+001	 -5.9295271e-003	
  1.4780781e+001	 -6.3423518e-003	
  1.4792793e+001	 -6.0303558e-003	
  1.4804805e+001	 -6.0437736e-003	
  1.4816817e+001	 -6.1397621e-003	
  1.4828829e+001	 -6.3373885e-003	
  1.4840841e+001	 -6.1396797e-003	
  1.4852853e+001	 -6.2971238e-003	
  1.4864865e+001	 -6.3888449e-003	
  1.4876877e+001	 -6.3584268e-003	
  1.4888889e+001	 -6.0260850e-003	
  1.4900901e+001	 -6.4466649e-003	
  1.4912913e+001	 -6.3699906e-003	
  1.4924925e+001	 -6.4732064e-003	
  1.4936937e+001	 -6.2880793e-003	
  1.4948949e+001	 -6.5111627e-003	
  1.4960961e+001	 -6.0780797e-003	
  1.4972973e+001	 -6.4372245e-003	
  1.4984985e+001	 -6.4977536e-003	
  1.4996997e+001	 -6.3996479e-003	
  1.5009009e+001	 -6.3342021e-003	
  1.5021021e+001	 -6.5203029e-003	
  1.5033033e+001	 -6.0823565e-003	
  1.5045045e+001	 -6.4229259e-003	
  1.5057057e+001	 -6.4492270e-003	
  1.5069069e+001	 -6.5758130e-003	
  1.5081081e+001	 -6.4666560e-003	
  1.5093093e+001	 -6.6015518e-003	
  1.5105105e+001	 -6.3809699e-003	
  1.5117117e+001	 -6.2619347e-003	
  1.5129129e+001	 -6.3360835e-003	
  1.5141141e+001	 -6.6156506e-003	
  1.5153153e+001	 -6.6291503e-003	
  1.5165165e+001	 -6.2899534e-003	
  1.5177177e+001	 -6.2350056e-003	
  1.5189189e+001	 -6.4296935e-003	
  1.5201201e+001	 -6.6510159e-003	
  1.5213213e+001	 -6.3017093e-003	
  1.5225225e+001	 -6.5545927e-003	
  1.5237237e+001	 -6.5856900e-003	
  1.5249249e+001	 -6.3685619e-003	
  1.5261261e+001	 -6.7455995e-003	
  1.5273273e+001	 -6.7356004e-003	
  1.5285285e+001	 -6.4349295e-003	
  1.5297297e+001	 -6.4762241e-003	
  1.5309309e+001	 -6.5239846e-003	
  1.5321321e+001	 -6.4312659e-003	
  1.5333333e+001	 -6.4515859e-003	
  1.5345345e+001	 -6.4236232e-003	
  1.5357357e+001	 -6.6794294e-003	
  1.5369369e+001	 -6.4862652e-003	
  1.5381381e+001	 -6.5633168e-003	
  1.5393393e+001	 -6.6525189e-003	
  1.5405405e+001	 -6.8291186e-003	
  1.5417417e+001	 -6.4789680e-003	
  1.5429429e+001	 -6.7094128e-003	
  1.5441441e+001	 -6.5834279e-003	
  1.5453453e+001	 -6.5258970e-003	
  1.5465465e+001	 -6.8532878e-003	
  1.5477477e+001	 -6.8509276e-003	
  1.5489489e+001	 -6.6492864e-003	
  1.5501502e+001	 -6.6906334e-003	
  1.5513514e+001	 -6.4972091e-003	
  1.5525526e+001	 -6.5521728e-003	
  1.5537538e+001	 -6.5936955e-003	
  1.5549550e+001	 -6.9444203e-003	
  1.5561562e+001	 -6.9428709e-003	
  1.5573574e+001	 -6.9442843e-003	
  1.5585586e+001	 -6.5986141e-003	
  1.5597598e+001	 -6.5355342e-003	
  1.5609610e+001	 -6.6744363e-003	
  1.5621622e+001	 -6.9595156e-003	
  1.5633634e+001	 -6.6734649e-003	
  1.5645646e+001	 -6.9889276e-003	
  1.5657658e+001	 -6.9946423e-003	
  1.5669670e+001	 -6.7423212e-003	
  1.5681682e+001	 -6.9075717e-003	
  1.5693694e+001	 -6.7543785e-003	
  1.5705706e+001	 -6.7160316e-003	
  1.5717718e+001	 -6.8083244e-003	
  1.5729730e+001	 -6.7392282e-003	
  1.5741742e+001	 -7.0011651e-003	
  1.5753754e+001	 -6.7604412e-003	
  1.5765766e+001	 -6.6519691e-003	
  1.5777778e+001	 -6.7131588e-003	
  1.5789790e+001	 -7.1128694e-003	
  1.5801802e+001	 -6.9821382e-003	
  1.5813814e+001	 -6.9901341e-003	
  1.5825826e+001	 -6.8416034e-003	
  1.5837838e+001	 -6.8945380e-003	
  1.5849850e+001	 -6.8082252e-003	
  1.5861862e+001	 -7.0284862e-003	
  1.5873874e+001	 -7.1187113e-003	
  1.5885886e+001	 -7.1878117e-003	
  1.5897898e+001	 -6.8546048e-003	
  1.5909910e+001	 -7.1471685e-003	
  1.5921922e+001	 -7.0653110e-003	
  1.5933934e+001	 -6.9930058e-003	
  1.5945946e+001	 -7.1638738e-003	
  1.5957958e+001	 -6.9668426e-003	
  1.5969970e+001	 -7.0550423e-003	
  1.5981982e+001	 -7.2308364e-003	
  1.5993994e+001	 -6.9252771e-003	
  1.6006006e+001	 -7.2754309e-003	
  1.6018018e+001	 -7.1881990e-003	
  1.6030030e+001	 -7.2260508e-003	
  1.6042042e+001	 -7.0888136e-003	
  1.6054054e+001	 -7.3180198e-003	
  1.6066066e+001	 -7.1706381e-003	
  1.6078078e+001	 -7.3304064e-003	
  1.6090090e+001	 -7.3362284e-003	
  1.6102102e+001	 -7.0097044e-003	
  1.6114114e+001	 -7.2656883e-003	
  1.6126126e+001	 -7.1192689e-003	
  1.6138138e+001	 -6.9483937e-003	
  1.6150150e+001	 -7.2239390e-003	
  1.6162162e+001	 -7.1023890e-003	
  1.6174174e+001	 -7.0803062e-003	
  1.6186186e+001	 -7.2526325e-003	
  1.6198198e+001	 -7.1508096e-003	
  1.6210210e+001	 -7.4332932e-003	
  1.6222222e+001	 -7.0309100e-003	
  1.6234234e+001	 -7.4136859e-003	
  1.6246246e+001	 -7.3839604e-003	
  1.6258258e+001	 -7.1277753e-003	
  1.6270270e+001	 -7.2925363e-003	
  1.6282282e+001	 -7.1615139e-003	
  1.6294294e+001	 -7.3576516e-003	
  1.6306306e+001	 -7.4288547e-003	
  1.6318318e+001	 -7.5563830e-003	
  1.6330330e+001	 -7.2480362e-003	
  1.6342342e+001	 -7.3795919e-003	
  1.6354354e+001	 -7.3782021e-003	
  1.6366366e+001	 -7.3088479e-003	
  1.6378378e+001	 -7.5937867e-003	
  1.6390390e+001	 -7.4753016e-003	
  1.6402402e+001	 -7.2565724e-003	
  1.6414414e+001	 -7.3044502e-003	
  1.6426426e+001	 -7.5997410e-003	
  1.6438438e+001	 -7.6070788e-003	
  1.6450450e+001	 -7.6357330e-003	
  1.6462462e+001	 -7.6877607e-003	
  1.6474474e+001	 -7.4898850e-003	
  1.6486486e+001	 -7.3834291e-003	
  1.6498498e+001	 -7.3595376e-003	
  1.6510511e+001	 -7.4651844e-003	
  1.6522523e+001	 -7.6861775e-003	
  1.6534535e+001	 -7.4345077e-003	
  1.6546547e+001	 -7.6969526e-003	
  1.6558559e+001	 -7.7028696e-003	
  1.6570571e+001	 -7.7305501e-003	
  1.6582583e+001	 -7.7186665e-003	
  1.6594595e+001	 -7.7153946e-003	
  1.6606607e+001	 -7.7112430e-003	
  1.6618619e+001	 -7.6604820e-003	
  1.6630631e+001	 -7.6708688e-003	
  1.6642643e+001	 -7.7301703e-003	
  1.6654655e+001	 -7.7233068e-003	
  1.6666667e+001	 -7.4122494e-003	
  1.6678679e+001	 -7.5169889e-003	
  1.6690691e+001	 -7.6006287e-003	
  1.6702703e+001	 -7.7961851e-003	
  1.6714715e+001	 -7.7922979e-003	
  1.6726727e+001	 -7.8695584e-003	
  1.6738739e+001	 -7.4612572e-003	
  1.6750751e+001	 -7.5747325e-003	
  1.6762763e+001	 -7.6591355e-003	
  1.6774775e+001	 -7.7912625e-003	
  1.6786787e+001	 -7.8748293e-003	
  1.6798799e+001	 -7.6566437e-003	
  1.6810811e+001	 -7.4838934e-003	
  1.6822823e+001	 -7.9026202e-003	
  1.6834835e+001	 -7.8689227e-003	
  1.6846847e+001	 -7.8094090e-003	
  1.6858859e+001	 -7.9808081e-003	
  1.6870871e+001	 -7.6857614e-003	
  1.6882883e+001	 -7.8366264e-003	
  1.6894895e+001	 -7.5564213e-003	
  1.6906907e+001	 -7.8567722e-003	
  1.6918919e+001	 -7.7575608e-003	
  1.6930931e+001	 -8.0007514e-003	
  1.6942943e+001	 -7.8973105e-003	
  1.6954955e+001	 -8.0174700e-003	
  1.6966967e+001	 -7.7290418e-003	
  1.6978979e+001	 -7.6826105e-003	
  1.6990991e+001	 -7.9528530e-003	
  1.7003003e+001	 -7.7955559e-003	
  1.7015015e+001	 -8.0013389e-003	
  1.7027027e+001	 -7.8931952e-003	
  1.7039039e+001	 -7.7524019e-003	
  1.7051051e+001	 -7.8799794e-003	
  1.7063063e+001	 -8.0211868e-003	
  1.7075075e+001	 -8.0493551e-003	
  1.7087087e+001	 -7.9828036e-003	
  1.7099099e+001	 -8.0079164e-003	
  1.7111111e+001	 -8.0495826e-003	
  1.7123123e+001	 -7.9603798e-003	
  1.7135135e+001	 -7.8784275e-003	
  1.7147147e+001	 -8.0477006e-003	
  1.7159159e+001	 -8.0553651e-003	
  1.7171171e+001	 -8.2177888e-003	
  1.7183183e+001	 -8.2781974e-003	
  1.7195195e+001	 -8.1555182e-003	
  1.7207207e+001	 -8.1520540e-003	
  1.7219219e+001	 -7.9941799e-003	
  1.7231231e+001	 -7.8527747e-003	
  1.7243243e+001	 -7.8736022e-003	
  1.7255255e+001	 -8.1227564e-003	
  1.7267267e+001	 -8.2416995e-003	
  1.7279279e+001	 -7.9902360e-003	
  1.7291291e+001	 -8.0027747e-003	
  1.7303303e+001	 -8.0223749e-003	
  1.7315315e+001	 -8.0311224e-003	
  1.7327327e+001	 -8.3602811e-003	
  1.7339339e+001	 -8.0827430e-003	
  1.7351351e+001	 -8.2021819e-003	
  1.7363363e+001	 -8.3380267e-003	
  1.7375375e+001	 -8.4051522e-003	
  1.7387387e+001	 -8.0529347e-003	
  1.7399399e+001	 -8.3875346e-003	
  1.7411411e+001	 -8.4035792e-003	
  1.7423423e+001	 -8.1627023e-003	
  1.7435435e+001	 -8.0588401e-003	
  1.7447447e+001	 -8.2581017e-003	
  1.7459459e+001	 -8.1753828e-003	
  1.7471471e+001	 -8.4602990e-003	
  1.7483483e+001	 -8.0707331e-003	
  1.7495495e+001	 -8.2873941e-003	
  1.7507508e+001	 -8.2283508e-003	
  1.7519520e+001	 -8.5603250e-003	
  1.7531532e+001	 -8.1844005e-003	
  1.7543544e+001	 -8.2250960e-003	
  1.7555556e+001	 -8.5497221e-003	
  1.7567568e+001	 -8.3577103e-003	
  1.7579580e+001	 -8.4677404e-003	
  1.7591592e+001	 -8.3678640e-003	
  1.7603604e+001	 -8.4520870e-003	
  1.7615616e+001	 -8.4544265e-003	
  1.7627628e+001	 -8.5820572e-003	
  1.7639640e+001	 -8.5551927e-003	
  1.7651652e+001	 -8.6830853e-003	
  1.7663664e+001	 -8.2419897e-003	
  1.7675676e+001	 -8.3874590e-003	
  1.7687688e+001	 -8.2584906e-003	
  1.7699700e+001	 -8.6535369e-003	
  1.7711712e+001	 -8.2852472e-003	
  1.7723724e+001	 -8.3589768e-003	
  1.7735736e+001	 -8.4781257e-003	
  1.7747748e+001	 -8.5573291e-003	
  1.7759760e+001	 -8.6590713e-003	
  1.7771772e+001	 -8.4224434e-003	
  1.7783784e+001	 -8.6946274e-003	
  1.7795796e+001	 -8.7874212e-003	
  1.7807808e+001	 -8.4464098e-003	
  1.7819820e+001	 -8.5050403e-003	
  1.7831832e+001	 -8.4936092e-003	
  1.7843844e+001	 -8.5407662e-003	
  1.7855856e+001	 -8.6628608e-003	
  1.7867868e+001	 -8.6875993e-003	
  1.7879880e+001	 -8.4855128e-003	
  1.7891892e+001	 -8.7454785e-003	
  1.7903904e+001	 -8.5075394e-003	
  1.7915916e+001	 -8.5308964e-003	
  1.7927928e+001	 -8.5099322e-003	
  1.7939940e+001	 -8.6938840e-003	
  1.7951952e+001	 -8.6395169e-003	
  1.7963964e+001	 -8.4925528e-003	
  1.7975976e+001	 -8.7566775e-003	
  1.7987988e+001	 -8.9593168e-003	
  1.8000000e+001	 -8.5666251e-003	
