Data recorded as Sample1: B00KOD1A_MR_AB_
Osc Amp:  1.10000000000000E+0000	Osc Freq:  3.36600000000000E+0001	Phase:  0.00000000000000E+0000	Time Constant: 9	Conductance Ratio:  1.00000000000000E-0003	Current:  1.10000000000000E-0003
Time(s)	HeLevel(mm)	VTIRes(Ohms)	VTITemp(K)	ProbeRes(Ohms)	ProbeTemp(K)	X(V)	Y(V)	Resistance(Ohms)	Field(T)	Angle(°)
 2.68526586479567E-0001	 5.51871875000000E+0002	 3.25438000000000E+0002	 1.74980000000000E+0001	 4.95466000000000E+0002	 2.50030000000000E+0001	 6.48311000000000E-0003	-3.62399000000000E-0005	 5.89373636363636E+0000	 1.29890900000000E+0001	-4.29000000000000E+0001
 1.95617208332344E+0000	 5.51818750000000E+0002	 3.25273000000000E+0002	 1.75100000000000E+0001	 4.95447000000000E+0002	 2.50040000000000E+0001	 6.48502000000000E-0003	-3.62399000000000E-0005	 5.89547272727273E+0000	 1.29495700000000E+0001	-4.29000000000000E+0001
 3.63307599150171E+0000	 5.51925000000000E+0002	 3.25422000000000E+0002	 1.75000000000000E+0001	 4.95379000000000E+0002	 2.50070000000000E+0001	 6.48311000000000E-0003	-3.81472000000000E-0005	 5.89373636363636E+0000	 1.29100400000000E+0001	-4.29000000000000E+0001
 5.30898508050604E+0000	 5.52084375000000E+0002	 3.25326000000000E+0002	 1.75060000000000E+0001	 4.95530000000000E+0002	 2.49990000000000E+0001	 6.48311000000000E-0003	-3.81472000000000E-0005	 5.89373636363636E+0000	 1.28705200000000E+0001	-4.29000000000000E+0001
 6.98392114081538E+0000	 5.51871875000000E+0002	 3.25538000000000E+0002	 1.74910000000000E+0001	 4.95541000000000E+0002	 2.49980000000000E+0001	 6.48311000000000E-0003	-3.81472000000000E-0005	 5.89373636363636E+0000	 1.28313800000000E+0001	-4.29000000000000E+0001
 8.65984615363126E+0000	 5.51871875000000E+0002	 3.25447000000000E+0002	 1.74980000000000E+0001	 4.95483000000000E+0002	 2.49990000000000E+0001	 6.48311000000000E-0003	-3.81472000000000E-0005	 5.89373636363636E+0000	 1.27918600000000E+0001	-4.29000000000000E+0001
 1.03328266581367E+0001	 5.51925000000000E+0002	 3.25395000000000E+0002	 1.75010000000000E+0001	 4.95641000000000E+0002	 2.49930000000000E+0001	 6.48311000000000E-0003	-3.81472000000000E-0005	 5.89373636363636E+0000	 1.27523400000000E+0001	-4.29000000000000E+0001
 1.20067980707045E+0001	 5.51818750000000E+0002	 3.25427000000000E+0002	 1.74990000000000E+0001	 4.95581000000000E+0002	 2.49960000000000E+0001	 6.48502000000000E-0003	-3.62399000000000E-0005	 5.89547272727273E+0000	 1.27128200000000E+0001	-4.29000000000000E+0001
 1.36836888487223E+0001	 5.51871875000000E+0002	 3.25497000000000E+0002	 1.74950000000000E+0001	 4.95554000000000E+0002	 2.49980000000000E+0001	 6.48311000000000E-0003	-3.62399000000000E-0005	 5.89373636363636E+0000	 1.26736700000000E+0001	-4.29000000000000E+0001
 1.53576563501785E+0001	 5.51925000000000E+0002	 3.25430000000000E+0002	 1.74990000000000E+0001	 4.95527000000000E+0002	 2.49990000000000E+0001	 6.48311000000000E-0003	-3.81472000000000E-0005	 5.89373636363636E+0000	 1.26337800000000E+0001	-4.29000000000000E+0001
 1.70365054776515E+0001	 5.51871875000000E+0002	 3.25688000000000E+0002	 1.74810000000000E+0001	 4.95382000000000E+0002	 2.50080000000000E+0001	 6.48311000000000E-0003	-3.62399000000000E-0005	 5.89373636363636E+0000	 1.25950100000000E+0001	-4.29000000000000E+0001
 1.87114448903422E+0001	 5.52031250000000E+0002	 3.25336000000000E+0002	 1.75060000000000E+0001	 4.95427000000000E+0002	 2.50050000000000E+0001	 6.48311000000000E-0003	-3.81472000000000E-0005	 5.89373636363636E+0000	 1.25554900000000E+0001	-4.29000000000000E+0001
 2.03785732544220E+0001	 5.51978125000000E+0002	 3.25528000000000E+0002	 1.74920000000000E+0001	 4.95452000000000E+0002	 2.50040000000000E+0001	 6.48311000000000E-0003	-3.62399000000000E-0005	 5.89373636363636E+0000	 1.25163400000000E+0001	-4.29000000000000E+0001
 2.20486304823658E+0001	 5.51978125000000E+0002	 3.25481000000000E+0002	 1.74950000000000E+0001	 4.95646000000000E+0002	 2.49920000000000E+0001	 6.48311000000000E-0003	-3.81472000000000E-0005	 5.89373636363636E+0000	 1.24768200000000E+0001	-4.29000000000000E+0001
 2.37274782130131E+0001	 5.51978125000000E+0002	 3.25360000000000E+0002	 1.75040000000000E+0001	 4.95696000000000E+0002	 2.49880000000000E+0001	 6.48311000000000E-0003	-3.81472000000000E-0005	 5.89373636363636E+0000	 1.24373000000000E+0001	-4.29000000000000E+0001
 2.54033940067802E+0001	 5.52031250000000E+0002	 3.25398000000000E+0002	 1.75010000000000E+0001	 4.95643000000000E+0002	 2.49930000000000E+0001	 6.48311000000000E-0003	-3.81472000000000E-0005	 5.89373636363636E+0000	 1.23977800000000E+0001	-4.29000000000000E+0001
 2.70841970138663E+0001	 5.51712500000000E+0002	 3.25417000000000E+0002	 1.75000000000000E+0001	 4.95620000000000E+0002	 2.49940000000000E+0001	 6.48311000000000E-0003	-3.81472000000000E-0005	 5.89373636363636E+0000	 1.23582600000000E+0001	-4.29000000000000E+0001
 2.87552350927283E+0001	 5.51925000000000E+0002	 3.25526000000000E+0002	 1.74950000000000E+0001	 4.95316000000000E+0002	 2.50110000000000E+0001	 6.48311000000000E-0003	-3.62399000000000E-0005	 5.89373636363636E+0000	 1.23191200000000E+0001	-4.29000000000000E+0001
 3.04272414510783E+0001	 5.51871875000000E+0002	 3.25357000000000E+0002	 1.75040000000000E+0001	 4.95382000000000E+0002	 2.50080000000000E+0001	 6.48311000000000E-0003	-3.81472000000000E-0005	 5.89373636363636E+0000	 1.22795900000000E+0001	-4.29000000000000E+0001
 3.21099930298404E+0001	 5.51818750000000E+0002	 3.25339000000000E+0002	 1.75050000000000E+0001	 4.95445000000000E+0002	 2.50040000000000E+0001	 6.48311000000000E-0003	-3.81472000000000E-0005	 5.89373636363636E+0000	 1.22400700000000E+0001	-4.29000000000000E+0001
 3.37810366960047E+0001	 5.52084375000000E+0002	 3.25358000000000E+0002	 1.75050000000000E+0001	 4.95603000000000E+0002	 2.49970000000000E+0001	 6.48311000000000E-0003	-3.62399000000000E-0005	 5.89373636363636E+0000	 1.22009300000000E+0001	-4.29000000000000E+0001
 3.54520577335946E+0001	 5.51765625000000E+0002	 3.25357000000000E+0002	 1.75040000000000E+0001	 4.95633000000000E+0002	 2.49930000000000E+0001	 6.48311000000000E-0003	-3.62399000000000E-0005	 5.89373636363636E+0000	 1.21614100000000E+0001	-4.29000000000000E+0001
 3.71348137821986E+0001	 5.51871875000000E+0002	 3.25354000000000E+0002	 1.75040000000000E+0001	 4.95573000000000E+0002	 2.49970000000000E+0001	 6.48311000000000E-0003	-3.81472000000000E-0005	 5.89373636363636E+0000	 1.21218900000000E+0001	-4.29000000000000E+0001
 3.88068318738834E+0001	 5.51818750000000E+0002	 3.25191000000000E+0002	 1.75150000000000E+0001	 4.95466000000000E+0002	 2.50030000000000E+0001	 6.48311000000000E-0003	-3.62399000000000E-0005	 5.89373636363636E+0000	 1.20827400000000E+0001	-4.29000000000000E+0001
 4.04866487221141E+0001	 5.51925000000000E+0002	 3.25203000000000E+0002	 1.75140000000000E+0001	 4.95449000000000E+0002	 2.50040000000000E+0001	 6.48311000000000E-0003	-3.62399000000000E-0005	 5.89373636363636E+0000	 1.20432200000000E+0001	-4.29000000000000E+0001
 4.21576826104994E+0001	 5.52084375000000E+0002	 3.25339000000000E+0002	 1.75050000000000E+0001	 4.95553000000000E+0002	 2.49980000000000E+0001	 6.48311000000000E-0003	-3.81472000000000E-0005	 5.89373636363636E+0000	 1.20037000000000E+0001	-4.29000000000000E+0001
 4.38287229242823E+0001	 5.52031250000000E+0002	 3.25105000000000E+0002	 1.75230000000000E+0001	 4.95528000000000E+0002	 2.49960000000000E+0001	 6.48311000000000E-0003	-3.81472000000000E-0005	 5.89373636363636E+0000	 1.19645600000000E+0001	-4.29000000000000E+0001
 4.55104939314913E+0001	 5.52031250000000E+0002	 3.25097000000000E+0002	 1.75220000000000E+0001	 4.95684000000000E+0002	 2.49900000000000E+0001	 6.48311000000000E-0003	-3.81472000000000E-0005	 5.89373636363636E+0000	 1.19250400000000E+0001	-4.29000000000000E+0001
 4.71795792482005E+0001	 5.52031250000000E+0002	 3.25100000000000E+0002	 1.75210000000000E+0001	 4.95606000000000E+0002	 2.49950000000000E+0001	 6.48311000000000E-0003	-3.62399000000000E-0005	 5.89373636363636E+0000	 1.18855200000000E+0001	-4.29000000000000E+0001
 4.88574500390413E+0001	 5.52031250000000E+0002	 3.25352000000000E+0002	 1.75040000000000E+0001	 4.95532000000000E+0002	 2.50010000000000E+0001	 6.48311000000000E-0003	-3.62399000000000E-0005	 5.89373636363636E+0000	 1.18463700000000E+0001	-4.29000000000000E+0001
 5.05314133500207E+0001	 5.51925000000000E+0002	 3.25041000000000E+0002	 1.75270000000000E+0001	 4.95402000000000E+0002	 2.50070000000000E+0001	 6.48311000000000E-0003	-3.62399000000000E-0005	 5.89373636363636E+0000	 1.18068500000000E+0001	-4.29000000000000E+0001
 5.22034197083708E+0001	 5.51712500000000E+0002	 3.25153000000000E+0002	 1.75180000000000E+0001	 4.95447000000000E+0002	 2.50040000000000E+0001	 6.48311000000000E-0003	-3.81472000000000E-0005	 5.89373636363636E+0000	 1.17677100000000E+0001	-4.29000000000000E+0001
 5.38744535967560E+0001	 5.51871875000000E+0002	 3.25016000000000E+0002	 1.75280000000000E+0001	 4.95554000000000E+0002	 2.49980000000000E+0001	 6.48311000000000E-0003	-3.81472000000000E-0005	 5.89373636363636E+0000	 1.17289400000000E+0001	-4.29000000000000E+0001
 5.55240073808263E+0001	 5.51765625000000E+0002	 3.25033000000000E+0002	 1.75270000000000E+0001	 4.95630000000000E+0002	 2.49930000000000E+0001	 6.48311000000000E-0003	-3.81472000000000E-0005	 5.89373636363636E+0000	 1.16894200000000E+0001	-4.29000000000000E+0001
 5.71969943107294E+0001	 5.52084375000000E+0002	 3.25118000000000E+0002	 1.75220000000000E+0001	 4.95431000000000E+0002	 2.50040000000000E+0001	 6.48311000000000E-0003	-3.62399000000000E-0005	 5.89373636363636E+0000	 1.16502700000000E+0001	-4.29000000000000E+0001
 5.88670515386732E+0001	 5.51925000000000E+0002	 3.25050000000000E+0002	 1.75250000000000E+0001	 4.95540000000000E+0002	 2.49990000000000E+0001	 6.48311000000000E-0003	-3.81472000000000E-0005	 5.89373636363636E+0000	 1.16107500000000E+0001	-4.29000000000000E+0001
 6.05468725773806E+0001	 5.51925000000000E+0002	 3.24996000000000E+0002	 1.75300000000000E+0001	 4.95682000000000E+0002	 2.49900000000000E+0001	 6.48311000000000E-0003	-3.62399000000000E-0005	 5.89373636363636E+0000	 1.15712300000000E+0001	-4.29000000000000E+0001
 6.22149845860298E+0001	 5.51871875000000E+0002	 3.25072000000000E+0002	 1.75240000000000E+0001	 4.95515000000000E+0002	 2.50000000000000E+0001	 6.48311000000000E-0003	-3.62399000000000E-0005	 5.89373636363636E+0000	 1.15324600000000E+0001	-4.29000000000000E+0001
 6.38674594117409E+0001	 5.52031250000000E+0002	 3.24909000000000E+0002	 1.75370000000000E+0001	 4.95363000000000E+0002	 2.50090000000000E+0001	 6.48311000000000E-0003	-3.81472000000000E-0005	 5.89373636363636E+0000	 1.14929400000000E+0001	-4.29000000000000E+0001
 6.55531404130972E+0001	 5.51978125000000E+0002	 3.24901000000000E+0002	 1.75370000000000E+0001	 4.95401000000000E+0002	 2.50040000000000E+0001	 6.48311000000000E-0003	-3.81472000000000E-0005	 5.89373636363636E+0000	 1.14534200000000E+0001	-4.29000000000000E+0001
 6.72173385164874E+0001	 5.51978125000000E+0002	 3.24777000000000E+0002	 1.75480000000000E+0001	 4.95562000000000E+0002	 2.49970000000000E+0001	 6.48311000000000E-0003	-3.81472000000000E-0005	 5.89373636363636E+0000	 1.14142800000000E+0001	-4.29000000000000E+0001
 6.88903246082952E+0001	 5.51978125000000E+0002	 3.24927000000000E+0002	 1.75360000000000E+0001	 4.95542000000000E+0002	 2.49980000000000E+0001	 6.48311000000000E-0003	-3.81472000000000E-0005	 5.89373636363636E+0000	 1.13747600000000E+0001	-4.29000000000000E+0001
 7.05681993102475E+0001	 5.51978125000000E+0002	 3.24817000000000E+0002	 1.75440000000000E+0001	 4.95575000000000E+0002	 2.49960000000000E+0001	 6.48311000000000E-0003	-3.81472000000000E-0005	 5.89373636363636E+0000	 1.13356100000000E+0001	-4.29000000000000E+0001
 7.22402129320905E+0001	 5.51925000000000E+0002	 3.24778000000000E+0002	 1.75480000000000E+0001	 4.95588000000000E+0002	 2.49960000000000E+0001	 6.48311000000000E-0003	-3.62399000000000E-0005	 5.89373636363636E+0000	 1.12960900000000E+0001	-4.29000000000000E+0001
 7.39151517860510E+0001	 5.51978125000000E+0002	 3.24768000000000E+0002	 1.75490000000000E+0001	 4.95442000000000E+0002	 2.50040000000000E+0001	 6.48311000000000E-0003	-3.81472000000000E-0005	 5.89373636363636E+0000	 1.12569500000000E+0001	-4.29000000000000E+0001
 7.55842326329184E+0001	 5.51871875000000E+0002	 3.24891000000000E+0002	 1.75380000000000E+0001	 4.95484000000000E+0002	 2.50020000000000E+0001	 6.48311000000000E-0003	-3.62399000000000E-0005	 5.89373636363636E+0000	 1.12181800000000E+0001	-4.29000000000000E+0001
 7.72337758011144E+0001	 5.51712500000000E+0002	 3.24918000000000E+0002	 1.75360000000000E+0001	 4.95572000000000E+0002	 2.49970000000000E+0001	 6.48311000000000E-0003	-3.81472000000000E-0005	 5.89373636363636E+0000	 1.11790400000000E+0001	-4.29000000000000E+0001
 7.89028633527445E+0001	 5.62129032258065E+0002	 3.24680000000000E+0002	 1.75560000000000E+0001	 4.95437000000000E+0002	 2.50040000000000E+0001	 6.48311000000000E-0003	-3.81472000000000E-0005	 5.89373636363636E+0000	 1.11402700000000E+0001	-4.29000000000000E+0001
 8.05494765396161E+0001	 5.62177419354839E+0002	 3.24817000000000E+0002	 1.75450000000000E+0001	 4.95299000000000E+0002	 2.50120000000000E+0001	 6.48311000000000E-0003	-3.81472000000000E-0005	 5.89373636363636E+0000	 1.11007500000000E+0001	-4.29000000000000E+0001
 8.22224657044401E+0001	 5.62274193548387E+0002	 3.24797000000000E+0002	 1.75460000000000E+0001	 4.95522000000000E+0002	 2.49990000000000E+0001	 6.48311000000000E-0003	-3.62399000000000E-0005	 5.89373636363636E+0000	 1.10612300000000E+0001	-4.29000000000000E+0001
 8.38993603935696E+0001	 5.62080645161290E+0002	 3.24719000000000E+0002	 1.75530000000000E+0001	 4.95552000000000E+0002	 2.49980000000000E+0001	 6.48311000000000E-0003	-3.81472000000000E-0005	 5.89373636363636E+0000	 1.10220800000000E+0001	-4.29000000000000E+0001
 8.55733262188351E+0001	 5.62080645161290E+0002	 3.24711000000000E+0002	 1.75530000000000E+0001	 4.95556000000000E+0002	 2.49980000000000E+0001	 6.48311000000000E-0003	-3.81472000000000E-0005	 5.89373636363636E+0000	 1.09825600000000E+0001	-4.29000000000000E+0001
 8.72531464194472E+0001	 5.62225806451613E+0002	 3.24636000000000E+0002	 1.75600000000000E+0001	 4.95404000000000E+0002	 2.50060000000000E+0001	 6.48311000000000E-0003	-3.81472000000000E-0005	 5.89373636363636E+0000	 1.09430400000000E+0001	-4.29000000000000E+0001
 8.89222278250448E+0001	 5.62129032258065E+0002	 3.24740000000000E+0002	 1.75510000000000E+0001	 4.95552000000000E+0002	 2.49980000000000E+0001	 6.48311000000000E-0003	-3.81472000000000E-0005	 5.89373636363636E+0000	 1.09039000000000E+0001	-4.29000000000000E+0001
 9.06001324190644E+0001	 5.62225806451613E+0002	 3.24643000000000E+0002	 1.75590000000000E+0001	 4.95373000000000E+0002	 2.50080000000000E+0001	 6.48311000000000E-0003	-3.81472000000000E-0005	 5.89373636363636E+0000	 1.08643700000000E+0001	-4.29000000000000E+0001
 9.22672292148862E+0001	 5.62080645161290E+0002	 3.24672000000000E+0002	 1.75570000000000E+0001	 4.95470000000000E+0002	 2.50030000000000E+0001	 6.48311000000000E-0003	-3.81472000000000E-0005	 5.89373636363636E+0000	 1.08256100000000E+0001	-4.29000000000000E+0001
 9.39187357611093E+0001	 5.62032258064516E+0002	 3.24789000000000E+0002	 1.75470000000000E+0001	 4.95525000000000E+0002	 2.49990000000000E+0001	 6.48311000000000E-0003	-3.81472000000000E-0005	 5.89373636363636E+0000	 1.07864600000000E+0001	-4.29000000000000E+0001
 9.55907706147010E+0001	 5.62177419354839E+0002	 3.24547000000000E+0002	 1.75670000000000E+0001	 4.95657000000000E+0002	 2.49930000000000E+0001	 6.48311000000000E-0003	-3.62399000000000E-0005	 5.89373636363636E+0000	 1.07469400000000E+0001	-4.29000000000000E+0001
 9.72715417741640E+0001	 5.62177419354839E+0002	 3.24582000000000E+0002	 1.75640000000000E+0001	 4.95582000000000E+0002	 2.49960000000000E+0001	 6.48311000000000E-0003	-3.62399000000000E-0005	 5.89373636363636E+0000	 1.07074200000000E+0001	-4.29000000000000E+0001
 9.89445298215276E+0001	 5.62129032258065E+0002	 3.24506000000000E+0002	 1.75710000000000E+0001	 4.95682000000000E+0002	 2.49900000000000E+0001	 6.48311000000000E-0003	-3.62399000000000E-0005	 5.89373636363636E+0000	 1.06682800000000E+0001	-4.29000000000000E+0001
 1.00615575722612E+0002	 5.62129032258065E+0002	 3.24544000000000E+0002	 1.75680000000000E+0001	 4.95440000000000E+0002	 2.50060000000000E+0001	 6.48311000000000E-0003	-3.81472000000000E-0005	 5.89373636363636E+0000	 1.06287600000000E+0001	-4.29000000000000E+0001
 1.02293454615041E+0002	 5.62129032258065E+0002	 3.24675000000000E+0002	 1.75560000000000E+0001	 4.95335000000000E+0002	 2.50100000000000E+0001	 6.48311000000000E-0003	-3.81472000000000E-0005	 5.89373636363636E+0000	 1.05892400000000E+0001	-4.29000000000000E+0001
 1.03966426738593E+0002	 5.62225806451613E+0002	 3.24417000000000E+0002	 1.75780000000000E+0001	 4.95266000000000E+0002	 2.50140000000000E+0001	 6.48311000000000E-0003	-3.62399000000000E-0005	 5.89373636363636E+0000	 1.05500900000000E+0001	-4.29000000000000E+0001
 1.05633559013785E+0002	 5.62274193548387E+0002	 3.24294000000000E+0002	 1.75890000000000E+0001	 4.95408000000000E+0002	 2.50060000000000E+0001	 6.48311000000000E-0003	-3.62399000000000E-0005	 5.89373636363636E+0000	 1.05113200000000E+0001	-4.29000000000000E+0001
 1.07283098829599E+0002	 5.62370967741935E+0002	 3.24540000000000E+0002	 1.75680000000000E+0001	 4.95662000000000E+0002	 2.49910000000000E+0001	 6.48311000000000E-0003	-3.81472000000000E-0005	 5.89373636363636E+0000	 1.04718000000000E+0001	-4.29000000000000E+0001
 1.08959020490034E+0002	 5.62225806451613E+0002	 3.24431000000000E+0002	 1.75780000000000E+0001	 4.95715000000000E+0002	 2.49880000000000E+0001	 6.48311000000000E-0003	-3.81472000000000E-0005	 5.89373636363636E+0000	 1.04326600000000E+0001	-4.29000000000000E+0001
 1.10635923839482E+0002	 5.62177419354839E+0002	 3.24526000000000E+0002	 1.75690000000000E+0001	 4.95753000000000E+0002	 2.49860000000000E+0001	 6.48311000000000E-0003	-3.62399000000000E-0005	 5.89373636363636E+0000	 1.03931400000000E+0001	-4.29000000000000E+0001
 1.12305974921393E+0002	 5.62129032258065E+0002	 3.24423000000000E+0002	 1.75780000000000E+0001	 4.95332000000000E+0002	 2.50110000000000E+0001	 6.48311000000000E-0003	-3.81472000000000E-0005	 5.89373636363636E+0000	 1.03539900000000E+0001	-4.29000000000000E+0001
 1.13975050739689E+0002	 5.62080645161290E+0002	 3.24535000000000E+0002	 1.75680000000000E+0001	 4.95428000000000E+0002	 2.50050000000000E+0001	 6.48311000000000E-0003	-3.81472000000000E-0005	 5.89373636363636E+0000	 1.03148500000000E+0001	-4.29000000000000E+0001
 1.15628518149653E+0002	 5.62080645161290E+0002	 3.24493000000000E+0002	 1.75720000000000E+0001	 4.95374000000000E+0002	 2.50080000000000E+0001	 6.48311000000000E-0003	-3.62399000000000E-0005	 5.89373636363636E+0000	 1.02757000000000E+0001	-4.29000000000000E+0001
 1.17303448902025E+0002	 5.62080645161290E+0002	 3.24322000000000E+0002	 1.75860000000000E+0001	 4.95540000000000E+0002	 2.49980000000000E+0001	 6.48120000000000E-0003	-3.81472000000000E-0005	 5.89200000000000E+0000	 1.02365600000000E+0001	-4.29000000000000E+0001
 1.18973504733143E+0002	 5.62129032258065E+0002	 3.24407000000000E+0002	 1.75790000000000E+0001	 4.95480000000000E+0002	 2.50020000000000E+0001	 6.48311000000000E-0003	-3.81472000000000E-0005	 5.89373636363636E+0000	 1.01970400000000E+0001	-4.29000000000000E+0001
 1.20648457555359E+0002	 5.62080645161290E+0002	 3.24345000000000E+0002	 1.75840000000000E+0001	 4.95520000000000E+0002	 2.50000000000000E+0001	 6.48311000000000E-0003	-3.62399000000000E-0005	 5.89373636363636E+0000	 1.01575200000000E+0001	-4.29000000000000E+0001
 1.22318503608698E+0002	 5.62080645161290E+0002	 3.24303000000000E+0002	 1.75880000000000E+0001	 4.95527000000000E+0002	 2.49990000000000E+0001	 6.48311000000000E-0003	-3.81472000000000E-0005	 5.89373636363636E+0000	 1.01187500000000E+0001	-4.29000000000000E+0001
 1.23969036008766E+0002	 5.62177419354839E+0002	 3.24475000000000E+0002	 1.75730000000000E+0001	 4.95535000000000E+0002	 2.49990000000000E+0001	 6.48311000000000E-0003	-3.81472000000000E-0005	 5.89373636363636E+0000	 1.00796100000000E+0001	-4.29000000000000E+0001
 1.25632255496159E+0002	 5.62274193548387E+0002	 3.24126000000000E+0002	 1.76030000000000E+0001	 4.95503000000000E+0002	 2.50010000000000E+0001	 6.48311000000000E-0003	-3.81472000000000E-0005	 5.89373636363636E+0000	 1.00408400000000E+0001	-4.29000000000000E+0001
 1.27288637522366E+0002	 5.62322580645161E+0002	 3.24137000000000E+0002	 1.76020000000000E+0001	 4.95470000000000E+0002	 2.50030000000000E+0001	 6.48120000000000E-0003	-3.81472000000000E-0005	 5.89200000000000E+0000	 1.00013200000000E+0001	-4.29000000000000E+0001
 1.28959667499640E+0002	 5.62274193548387E+0002	 3.24148000000000E+0002	 1.76020000000000E+0001	 4.95683000000000E+0002	 2.49890000000000E+0001	 6.48120000000000E-0003	-3.62399000000000E-0005	 5.89200000000000E+0000	 9.96217000000000E+0000	-4.29000000000000E+0001
 1.30641456665582E+0002	 5.62225806451613E+0002	 3.24129000000000E+0002	 1.76020000000000E+0001	 4.95711000000000E+0002	 2.49890000000000E+0001	 6.48120000000000E-0003	-3.81472000000000E-0005	 5.89200000000000E+0000	 9.92265000000000E+0000	-4.29000000000000E+0001
 1.32312484966665E+0002	 5.62080645161290E+0002	 3.24015000000000E+0002	 1.76120000000000E+0001	 4.95439000000000E+0002	 2.50040000000000E+0001	 6.48120000000000E-0003	-3.81472000000000E-0005	 5.89200000000000E+0000	 9.88313000000000E+0000	-4.29000000000000E+0001
 1.33984498309143E+0002	 5.62129032258065E+0002	 3.24221000000000E+0002	 1.75950000000000E+0001	 4.95481000000000E+0002	 2.50010000000000E+0001	 6.48311000000000E-0003	-3.81472000000000E-0005	 5.89373636363636E+0000	 9.84399000000000E+0000	-4.29000000000000E+0001
 1.35656512210351E+0002	 5.62080645161290E+0002	 3.24024000000000E+0002	 1.76110000000000E+0001	 4.95362000000000E+0002	 2.50090000000000E+0001	 6.48311000000000E-0003	-3.62399000000000E-0005	 5.89373636363636E+0000	 9.80446000000000E+0000	-4.29000000000000E+0001
 1.37341213757614E+0002	 5.62032258064516E+0002	 3.24216000000000E+0002	 1.75950000000000E+0001	 4.95360000000000E+0002	 2.50090000000000E+0001	 6.48120000000000E-0003	-3.62399000000000E-0005	 5.89200000000000E+0000	 9.76494000000000E+0000	-4.29000000000000E+0001
 1.39011271264923E+0002	 5.64161290322581E+0002	 3.24072000000000E+0002	 1.76060000000000E+0001	 4.95539000000000E+0002	 2.49980000000000E+0001	 6.48120000000000E-0003	-3.62399000000000E-0005	 5.89200000000000E+0000	 9.72580000000000E+0000	-4.29000000000000E+0001
 1.40683285724862E+0002	 5.64112903225806E+0002	 3.24078000000000E+0002	 1.76070000000000E+0001	 4.95479000000000E+0002	 2.50020000000000E+0001	 6.48120000000000E-0003	-3.62399000000000E-0005	 5.89200000000000E+0000	 9.68628000000000E+0000	-4.29000000000000E+0001
 1.42357259651716E+0002	 5.64112903225806E+0002	 3.24029000000000E+0002	 1.76110000000000E+0001	 4.95707000000000E+0002	 2.49890000000000E+0001	 6.48120000000000E-0003	-3.81472000000000E-0005	 5.89200000000000E+0000	 9.64713000000000E+0000	-4.29000000000000E+0001
 1.44025355177823E+0002	 5.64258064516129E+0002	 3.24008000000000E+0002	 1.76130000000000E+0001	 4.95711000000000E+0002	 2.49890000000000E+0001	 6.48120000000000E-0003	-3.62399000000000E-0005	 5.89200000000000E+0000	 9.60837000000000E+0000	-4.29000000000000E+0001
 1.45677835870201E+0002	 5.64064516129032E+0002	 3.24059000000000E+0002	 1.76080000000000E+0001	 4.95457000000000E+0002	 2.50030000000000E+0001	 6.48120000000000E-0003	-3.62399000000000E-0005	 5.89200000000000E+0000	 9.56847000000000E+0000	-4.29000000000000E+0001
 1.47356686115135E+0002	 5.64209677419355E+0002	 3.24254000000000E+0002	 1.75940000000000E+0001	 4.95381000000000E+0002	 2.50100000000000E+0001	 6.48120000000000E-0003	-3.62399000000000E-0005	 5.89200000000000E+0000	 9.52933000000000E+0000	-4.29000000000000E+0001
 1.49028698619517E+0002	 5.63967741935484E+0002	 3.23884000000000E+0002	 1.76230000000000E+0001	 4.95515000000000E+0002	 2.50000000000000E+0001	 6.48311000000000E-0003	-3.81472000000000E-0005	 5.89373636363636E+0000	 9.49018000000000E+0000	-4.29000000000000E+0001
 1.50702665282878E+0002	 5.64209677419355E+0002	 3.24049000000000E+0002	 1.76090000000000E+0001	 4.95392000000000E+0002	 2.50070000000000E+0001	 6.48120000000000E-0003	-3.81472000000000E-0005	 5.89200000000000E+0000	 9.45066000000000E+0000	-4.29000000000000E+0001
 1.52381511896065E+0002	 5.64258064516129E+0002	 3.23930000000000E+0002	 1.76190000000000E+0001	 4.95514000000000E+0002	 2.50000000000000E+0001	 6.48120000000000E-0003	-3.62399000000000E-0005	 5.89200000000000E+0000	 9.41114000000000E+0000	-4.29000000000000E+0001
 1.54051568844644E+0002	 5.64209677419355E+0002	 3.23917000000000E+0002	 1.76200000000000E+0001	 4.95700000000000E+0002	 2.49890000000000E+0001	 6.48120000000000E-0003	-3.81472000000000E-0005	 5.89200000000000E+0000	 9.37200000000000E+0000	-4.29000000000000E+0001
 1.55727486593967E+0002	 5.64064516129032E+0002	 3.23970000000000E+0002	 1.76160000000000E+0001	 4.95806000000000E+0002	 2.49830000000000E+0001	 6.48120000000000E-0003	-3.62399000000000E-0005	 5.89200000000000E+0000	 9.33247000000000E+0000	-4.29000000000000E+0001
 1.57409263188478E+0002	 5.64258064516129E+0002	 3.23944000000000E+0002	 1.76180000000000E+0001	 4.95611000000000E+0002	 2.49950000000000E+0001	 6.48120000000000E-0003	-3.81472000000000E-0005	 5.89200000000000E+0000	 9.29295000000000E+0000	-4.29000000000000E+0001
 1.59077368492364E+0002	 5.63919354838710E+0002	 3.24003000000000E+0002	 1.76130000000000E+0001	 4.95305000000000E+0002	 2.50120000000000E+0001	 6.48120000000000E-0003	-3.81472000000000E-0005	 5.89200000000000E+0000	 9.25381000000000E+0000	-4.29000000000000E+0001
 1.60754262622764E+0002	 5.64112903225806E+0002	 3.23921000000000E+0002	 1.76200000000000E+0001	 4.95466000000000E+0002	 2.50030000000000E+0001	 6.48311000000000E-0003	-3.62399000000000E-0005	 5.89373636363636E+0000	 9.21429000000000E+0000	-4.29000000000000E+0001
 1.62423345425187E+0002	 5.64112903225806E+0002	 3.23778000000000E+0002	 1.76320000000000E+0001	 4.95385000000000E+0002	 2.50080000000000E+0001	 6.48120000000000E-0003	-3.81472000000000E-0005	 5.89200000000000E+0000	 9.17552000000000E+0000	-4.29000000000000E+0001
 1.64068985303998E+0002	 5.63919354838710E+0002	 3.23750000000000E+0002	 1.76340000000000E+0001	 4.95563000000000E+0002	 2.49970000000000E+0001	 6.48120000000000E-0003	-3.62399000000000E-0005	 5.89200000000000E+0000	 9.13638000000000E+0000	-4.29000000000000E+0001
 1.65746857771030E+0002	 5.63919354838710E+0002	 3.23835000000000E+0002	 1.76260000000000E+0001	 4.95475000000000E+0002	 2.50030000000000E+0001	 6.48120000000000E-0003	-3.62399000000000E-0005	 5.89200000000000E+0000	 9.09686000000000E+0000	-4.29000000000000E+0001
 1.67420821640739E+0002	 5.64112903225806E+0002	 3.23871000000000E+0002	 1.76240000000000E+0001	 4.95587000000000E+0002	 2.49960000000000E+0001	 6.48120000000000E-0003	-3.81472000000000E-0005	 5.89200000000000E+0000	 9.05771000000000E+0000	-4.29000000000000E+0001
 1.69090879986143E+0002	 5.64064516129032E+0002	 3.23780000000000E+0002	 1.76320000000000E+0001	 4.95541000000000E+0002	 2.49980000000000E+0001	 6.48120000000000E-0003	-3.62399000000000E-0005	 5.89200000000000E+0000	 9.01819000000000E+0000	-4.29000000000000E+0001
 1.70758008629588E+0002	 5.64112903225806E+0002	 3.23913000000000E+0002	 1.76210000000000E+0001	 4.95390000000000E+0002	 2.50070000000000E+0001	 6.48120000000000E-0003	-3.62399000000000E-0005	 5.89200000000000E+0000	 8.97942000000000E+0000	-4.29000000000000E+0001
 1.72421222809044E+0002	 5.64112903225806E+0002	 3.23801000000000E+0002	 1.76300000000000E+0001	 4.95499000000000E+0002	 2.50010000000000E+0001	 6.48120000000000E-0003	-3.81472000000000E-0005	 5.89200000000000E+0000	 8.93990000000000E+0000	-4.29000000000000E+0001
 1.74085424264816E+0002	 5.64112903225806E+0002	 3.23767000000000E+0002	 1.76330000000000E+0001	 4.95598000000000E+0002	 2.49940000000000E+0001	 6.48120000000000E-0003	-3.62399000000000E-0005	 5.89200000000000E+0000	 8.90076000000000E+0000	-4.29000000000000E+0001
 1.75759387296430E+0002	 5.64306451612903E+0002	 3.23718000000000E+0002	 1.76370000000000E+0001	 4.95591000000000E+0002	 2.49960000000000E+0001	 6.48120000000000E-0003	-3.62399000000000E-0005	 5.89200000000000E+0000	 8.86124000000000E+0000	-4.29000000000000E+0001
 1.77438249274698E+0002	 5.64258064516129E+0002	 3.23630000000000E+0002	 1.76440000000000E+0001	 4.95550000000000E+0002	 2.49980000000000E+0001	 6.48120000000000E-0003	-3.62399000000000E-0005	 5.89200000000000E+0000	 8.82209000000000E+0000	-4.29000000000000E+0001
 1.79103412863925E+0002	 5.64161290322581E+0002	 3.23551000000000E+0002	 1.76510000000000E+0001	 4.95633000000000E+0002	 2.49930000000000E+0001	 6.48120000000000E-0003	-3.62399000000000E-0005	 5.89200000000000E+0000	 8.78332000000000E+0000	-4.29000000000000E+0001
 1.80755891880113E+0002	 5.64209677419355E+0002	 3.23660000000000E+0002	 1.76420000000000E+0001	 4.95449000000000E+0002	 2.50040000000000E+0001	 6.48120000000000E-0003	-3.62399000000000E-0005	 5.89200000000000E+0000	 8.74380000000000E+0000	-4.29000000000000E+0001
 1.82428875178270E+0002	 5.64112903225806E+0002	 3.23474000000000E+0002	 1.76570000000000E+0001	 4.95440000000000E+0002	 2.50060000000000E+0001	 6.48120000000000E-0003	-3.81472000000000E-0005	 5.89200000000000E+0000	 8.70428000000000E+0000	-4.29000000000000E+0001
 1.84105770426130E+0002	 5.64064516129032E+0002	 3.23557000000000E+0002	 1.76510000000000E+0001	 4.95467000000000E+0002	 2.50030000000000E+0001	 6.48120000000000E-0003	-3.81472000000000E-0005	 5.89200000000000E+0000	 8.66476000000000E+0000	-4.29000000000000E+0001
 1.85782664835894E+0002	 5.64064516129032E+0002	 3.23662000000000E+0002	 1.76420000000000E+0001	 4.95398000000000E+0002	 2.50070000000000E+0001	 6.48120000000000E-0003	-3.62399000000000E-0005	 5.89200000000000E+0000	 8.62562000000000E+0000	-4.29000000000000E+0001
 1.87455650927702E+0002	 5.64112903225806E+0002	 3.23674000000000E+0002	 1.76400000000000E+0001	 4.95627000000000E+0002	 2.49930000000000E+0001	 6.48120000000000E-0003	-3.62399000000000E-0005	 5.89200000000000E+0000	 8.58610000000000E+0000	-4.29000000000000E+0001
 1.89131568956390E+0002	 5.64112903225806E+0002	 3.23371000000000E+0002	 1.76660000000000E+0001	 4.95589000000000E+0002	 2.49960000000000E+0001	 6.48120000000000E-0003	-3.81472000000000E-0005	 5.89200000000000E+0000	 8.54658000000000E+0000	-4.29000000000000E+0001
 1.90808467835996E+0002	 5.63967741935484E+0002	 3.23315000000000E+0002	 1.76710000000000E+0001	 4.95535000000000E+0002	 2.49990000000000E+0001	 6.48120000000000E-0003	-3.81472000000000E-0005	 5.89200000000000E+0000	 8.50743000000000E+0000	-4.29000000000000E+0001
 1.92478515565526E+0002	 5.64161290322581E+0002	 3.23448000000000E+0002	 1.76590000000000E+0001	 4.95648000000000E+0002	 2.49910000000000E+0001	 6.48120000000000E-0003	-3.81472000000000E-0005	 5.89200000000000E+0000	 8.46791000000000E+0000	-4.29000000000000E+0001
 1.94153454978217E+0002	 5.64209677419355E+0002	 3.23615000000000E+0002	 1.76460000000000E+0001	 4.95510000000000E+0002	 2.50000000000000E+0001	 6.48120000000000E-0003	-3.81472000000000E-0005	 5.89200000000000E+0000	 8.42877000000000E+0000	-4.29000000000000E+0001
 1.95828405844877E+0002	 5.64258064516129E+0002	 3.23275000000000E+0002	 1.76740000000000E+0001	 4.95295000000000E+0002	 2.50130000000000E+0001	 6.48120000000000E-0003	-3.81472000000000E-0005	 5.89200000000000E+0000	 8.38925000000000E+0000	-4.29000000000000E+0001
 1.97497479986982E+0002	 5.64112903225806E+0002	 3.23219000000000E+0002	 1.76790000000000E+0001	 4.95202000000000E+0002	 2.50180000000000E+0001	 6.48120000000000E-0003	-3.62399000000000E-0005	 5.89200000000000E+0000	 8.35048000000000E+0000	-4.29000000000000E+0001
 1.99153861454459E+0002	 5.64693548387097E+0002	 3.23310000000000E+0002	 1.76710000000000E+0001	 4.95433000000000E+0002	 2.50050000000000E+0001	 6.48120000000000E-0003	-3.81472000000000E-0005	 5.89200000000000E+0000	 8.31096000000000E+0000	-4.29000000000000E+0001
 2.00826850339918E+0002	 5.64838709677419E+0002	 3.23228000000000E+0002	 1.76790000000000E+0001	 4.95640000000000E+0002	 2.49910000000000E+0001	 6.48120000000000E-0003	-3.81472000000000E-0005	 5.89200000000000E+0000	 8.27181000000000E+0000	-4.29000000000000E+0001
 2.02494954526343E+0002	 5.64451612903226E+0002	 3.23194000000000E+0002	 1.76810000000000E+0001	 4.95756000000000E+0002	 2.49860000000000E+0001	 6.47929000000000E-0003	-3.81472000000000E-0005	 5.89026363636364E+0000	 8.23229000000000E+0000	-4.29000000000000E+0001
 2.04170877583603E+0002	 5.64500000000000E+0002	 3.23209000000000E+0002	 1.76800000000000E+0001	 4.95649000000000E+0002	 2.49920000000000E+0001	 6.48120000000000E-0003	-3.62399000000000E-0005	 5.89200000000000E+0000	 8.19315000000000E+0000	-4.29000000000000E+0001
 2.05838978417648E+0002	 5.64693548387097E+0002	 3.23218000000000E+0002	 1.76790000000000E+0001	 4.95415000000000E+0002	 2.50060000000000E+0001	 6.48120000000000E-0003	-3.62399000000000E-0005	 5.89200000000000E+0000	 8.15438000000000E+0000	-4.29000000000000E+0001
 2.07487552188896E+0002	 5.64693548387097E+0002	 3.23353000000000E+0002	 1.76680000000000E+0001	 4.95498000000000E+0002	 2.50010000000000E+0001	 6.47929000000000E-0003	-3.81472000000000E-0005	 5.89026363636364E+0000	 8.11523000000000E+0000	-4.29000000000000E+0001
 2.09156633873858E+0002	 5.64790322580645E+0002	 3.23160000000000E+0002	 1.76840000000000E+0001	 4.95362000000000E+0002	 2.50090000000000E+0001	 6.48120000000000E-0003	-3.62399000000000E-0005	 5.89200000000000E+0000	 8.07647000000000E+0000	-4.29000000000000E+0001
 2.10808135112144E+0002	 5.64693548387097E+0002	 3.23319000000000E+0002	 1.76710000000000E+0001	 4.95447000000000E+0002	 2.50040000000000E+0001	 6.48120000000000E-0003	-3.62399000000000E-0005	 5.89200000000000E+0000	 8.03695000000000E+0000	-4.29000000000000E+0001
 2.12483069775628E+0002	 5.64887096774194E+0002	 3.23350000000000E+0002	 1.76710000000000E+0001	 4.95525000000000E+0002	 2.50000000000000E+0001	 6.48120000000000E-0003	-3.62399000000000E-0005	 5.89200000000000E+0000	 7.99743000000000E+0000	-4.29000000000000E+0001
 2.14162899754019E+0002	 5.64838709677419E+0002	 3.22888000000000E+0002	 1.77070000000000E+0001	 4.95367000000000E+0002	 2.50090000000000E+0001	 6.47929000000000E-0003	-3.81472000000000E-0005	 5.89026363636364E+0000	 7.95828000000000E+0000	-4.29000000000000E+0001
 2.15833935318595E+0002	 5.64790322580645E+0002	 3.23191000000000E+0002	 1.76810000000000E+0001	 4.95539000000000E+0002	 2.49990000000000E+0001	 6.47929000000000E-0003	-3.81472000000000E-0005	 5.89026363636364E+0000	 7.91838000000000E+0000	-4.29000000000000E+0001
 2.17508876128111E+0002	 5.64741935483871E+0002	 3.23041000000000E+0002	 1.76940000000000E+0001	 4.95851000000000E+0002	 2.49790000000000E+0001	 6.47929000000000E-0003	-3.62399000000000E-0005	 5.89026363636364E+0000	 7.87924000000000E+0000	-4.29000000000000E+0001
 2.19186740772919E+0002	 5.64741935483871E+0002	 3.23077000000000E+0002	 1.76910000000000E+0001	 4.95766000000000E+0002	 2.49850000000000E+0001	 6.47929000000000E-0003	-3.62399000000000E-0005	 5.89026363636364E+0000	 7.83972000000000E+0000	-4.29000000000000E+0001
 2.20861688845929E+0002	 5.64838709677419E+0002	 3.23150000000000E+0002	 1.76850000000000E+0001	 4.95585000000000E+0002	 2.49960000000000E+0001	 6.48120000000000E-0003	-3.62399000000000E-0005	 5.89200000000000E+0000	 7.80057000000000E+0000	-4.29000000000000E+0001
 2.22530760753112E+0002	 5.64645161290323E+0002	 3.23136000000000E+0002	 1.76840000000000E+0001	 4.95548000000000E+0002	 2.50000000000000E+0001	 6.48120000000000E-0003	-3.81472000000000E-0005	 5.89200000000000E+0000	 7.76105000000000E+0000	-4.29000000000000E+0001
 2.24203754387778E+0002	 5.65032258064516E+0002	 3.23109000000000E+0002	 1.76880000000000E+0001	 4.95394000000000E+0002	 2.50070000000000E+0001	 6.48120000000000E-0003	-3.81472000000000E-0005	 5.89200000000000E+0000	 7.72191000000000E+0000	-4.29000000000000E+0001
 2.25878692962374E+0002	 5.64645161290323E+0002	 3.23042000000000E+0002	 1.76940000000000E+0001	 4.95207000000000E+0002	 2.50180000000000E+0001	 6.48120000000000E-0003	-3.81472000000000E-0005	 5.89200000000000E+0000	 7.68239000000000E+0000	-4.29000000000000E+0001
 2.27548749352222E+0002	 5.64741935483871E+0002	 3.23018000000000E+0002	 1.76960000000000E+0001	 4.95352000000000E+0002	 2.50090000000000E+0001	 6.48120000000000E-0003	-3.81472000000000E-0005	 5.89200000000000E+0000	 7.64362000000000E+0000	-4.29000000000000E+0001
 2.29202201955835E+0002	 5.64741935483871E+0002	 3.22938000000000E+0002	 1.77030000000000E+0001	 4.95560000000000E+0002	 2.49970000000000E+0001	 6.48120000000000E-0003	-3.62399000000000E-0005	 5.89200000000000E+0000	 7.60448000000000E+0000	-4.29000000000000E+0001
 2.30873243666444E+0002	 5.64838709677419E+0002	 3.22872000000000E+0002	 1.77090000000000E+0001	 4.95666000000000E+0002	 2.49910000000000E+0001	 6.47929000000000E-0003	-3.81472000000000E-0005	 5.89026363636364E+0000	 7.56495000000000E+0000	-4.29000000000000E+0001
 2.32548177771197E+0002	 5.64838709677419E+0002	 3.22884000000000E+0002	 1.77070000000000E+0001	 4.95692000000000E+0002	 2.49900000000000E+0001	 6.48120000000000E-0003	-3.81472000000000E-0005	 5.89200000000000E+0000	 7.52581000000000E+0000	-4.29000000000000E+0001
 2.34217265043462E+0002	 5.64887096774194E+0002	 3.22749000000000E+0002	 1.77190000000000E+0001	 4.95341000000000E+0002	 2.50100000000000E+0001	 6.48120000000000E-0003	-3.62399000000000E-0005	 5.89200000000000E+0000	 7.48629000000000E+0000	-4.29000000000000E+0001
 2.35889274474829E+0002	 5.64645161290323E+0002	 3.22823000000000E+0002	 1.77120000000000E+0001	 4.95422000000000E+0002	 2.50050000000000E+0001	 6.47929000000000E-0003	-3.81472000000000E-0005	 5.89026363636364E+0000	 7.44752000000000E+0000	-4.29000000000000E+0001
 2.37546633440842E+0002	 5.64887096774194E+0002	 3.22971000000000E+0002	 1.77000000000000E+0001	 4.95461000000000E+0002	 2.50030000000000E+0001	 6.47929000000000E-0003	-3.81472000000000E-0005	 5.89026363636364E+0000	 7.40800000000000E+0000	-4.29000000000000E+0001
 2.39214740979650E+0002	 5.64645161290323E+0002	 3.22810000000000E+0002	 1.77130000000000E+0001	 4.95495000000000E+0002	 2.50010000000000E+0001	 6.47929000000000E-0003	-3.81472000000000E-0005	 5.89026363636364E+0000	 7.36886000000000E+0000	-4.29000000000000E+0001
 2.40889680951071E+0002	 5.64741935483871E+0002	 3.23033000000000E+0002	 1.76950000000000E+0001	 4.95453000000000E+0002	 2.50040000000000E+0001	 6.47929000000000E-0003	-3.62399000000000E-0005	 5.89026363636364E+0000	 7.32934000000000E+0000	-4.29000000000000E+0001
 2.42568530078543E+0002	 5.64693548387097E+0002	 3.22706000000000E+0002	 1.77220000000000E+0001	 4.95508000000000E+0002	 2.50000000000000E+0001	 6.47929000000000E-0003	-3.62399000000000E-0005	 5.89026363636364E+0000	 7.28982000000000E+0000	-4.29000000000000E+0001
 2.44245426443864E+0002	 5.64693548387097E+0002	 3.22674000000000E+0002	 1.77250000000000E+0001	 4.95570000000000E+0002	 2.49980000000000E+0001	 6.47929000000000E-0003	-3.81472000000000E-0005	 5.89026363636364E+0000	 7.25029000000000E+0000	-4.29000000000000E+0001
 2.45917435037135E+0002	 5.64693548387097E+0002	 3.22709000000000E+0002	 1.77220000000000E+0001	 4.95750000000000E+0002	 2.49860000000000E+0001	 6.47929000000000E-0003	-3.81472000000000E-0005	 5.89026363636364E+0000	 7.21115000000000E+0000	-4.29000000000000E+0001
 2.47583585064582E+0002	 5.64741935483871E+0002	 3.22820000000000E+0002	 1.77130000000000E+0001	 4.95518000000000E+0002	 2.50000000000000E+0001	 6.47929000000000E-0003	-3.62399000000000E-0005	 5.89026363636364E+0000	 7.17163000000000E+0000	-4.29000000000000E+0001
 2.49258525594733E+0002	 5.64790322580645E+0002	 3.22681000000000E+0002	 1.77240000000000E+0001	 4.95450000000000E+0002	 2.50040000000000E+0001	 6.48120000000000E-0003	-3.81472000000000E-0005	 5.89200000000000E+0000	 7.13286000000000E+0000	-4.29000000000000E+0001
 2.50910026274289E+0002	 5.64741935483871E+0002	 3.22718000000000E+0002	 1.77210000000000E+0001	 4.95572000000000E+0002	 2.49970000000000E+0001	 6.47929000000000E-0003	-3.81472000000000E-0005	 5.89026363636364E+0000	 7.09334000000000E+0000	-4.29000000000000E+0001
 2.52586922360244E+0002	 5.64741935483871E+0002	 3.22859000000000E+0002	 1.77120000000000E+0001	 4.95316000000000E+0002	 2.50110000000000E+0001	 6.47929000000000E-0003	-3.81472000000000E-0005	 5.89026363636364E+0000	 7.05420000000000E+0000	-4.29000000000000E+0001
 2.54256981264379E+0002	 5.64935483870968E+0002	 3.22490000000000E+0002	 1.77400000000000E+0001	 4.95356000000000E+0002	 2.50090000000000E+0001	 6.48120000000000E-0003	-3.81472000000000E-0005	 5.89200000000000E+0000	 7.01468000000000E+0000	-4.29000000000000E+0001
 2.55934847026647E+0002	 5.64887096774194E+0002	 3.22622000000000E+0002	 1.77290000000000E+0001	 4.95637000000000E+0002	 2.49930000000000E+0001	 6.47929000000000E-0003	-3.81472000000000E-0005	 5.89026363636364E+0000	 6.97553000000000E+0000	-4.29000000000000E+0001
 2.57608834642392E+0002	 5.64790322580645E+0002	 3.22608000000000E+0002	 1.77300000000000E+0001	 4.95678000000000E+0002	 2.49910000000000E+0001	 6.47929000000000E-0003	-3.62399000000000E-0005	 5.89026363636364E+0000	 6.93601000000000E+0000	-4.29000000000000E+0001
 2.59281794473879E+0002	 5.64741935483871E+0002	 3.22425000000000E+0002	 1.77460000000000E+0001	 4.95754000000000E+0002	 2.49860000000000E+0001	 6.47929000000000E-0003	-3.81472000000000E-0005	 5.89026363636364E+0000	 6.89687000000000E+0000	-4.29000000000000E+0001
 2.60957712223202E+0002	 5.64838709677419E+0002	 3.22598000000000E+0002	 1.77310000000000E+0001	 4.95484000000000E+0002	 2.50020000000000E+0001	 6.47929000000000E-0003	-3.81472000000000E-0005	 5.89026363636364E+0000	 6.85735000000000E+0000	-4.29000000000000E+0001
 2.62622897323543E+0002	 5.64838709677419E+0002	 3.22479000000000E+0002	 1.77410000000000E+0001	 4.95371000000000E+0002	 2.50080000000000E+0001	 6.48120000000000E-0003	-3.62399000000000E-0005	 5.89200000000000E+0000	 6.81858000000000E+0000	-4.29000000000000E+0001
 2.64275369634968E+0002	 5.64887096774194E+0002	 3.22412000000000E+0002	 1.77470000000000E+0001	 4.95359000000000E+0002	 2.50090000000000E+0001	 6.47929000000000E-0003	-3.81472000000000E-0005	 5.89026363636364E+0000	 6.77906000000000E+0000	-4.29000000000000E+0001
 2.65956171524593E+0002	 5.65177419354839E+0002	 3.22281000000000E+0002	 1.77580000000000E+0001	 4.95189000000000E+0002	 2.50180000000000E+0001	 6.47929000000000E-0003	-3.81472000000000E-0005	 5.89026363636364E+0000	 6.73991000000000E+0000	-4.29000000000000E+0001
 2.67626236295395E+0002	 5.64887096774194E+0002	 3.22509000000000E+0002	 1.77390000000000E+0001	 4.95510000000000E+0002	 2.50000000000000E+0001	 6.47929000000000E-0003	-3.81472000000000E-0005	 5.89026363636364E+0000	 6.70077000000000E+0000	-4.29000000000000E+0001
 2.69292379059350E+0002	 5.64983870967742E+0002	 3.22364000000000E+0002	 1.77510000000000E+0001	 4.95441000000000E+0002	 2.50040000000000E+0001	 6.47929000000000E-0003	-3.81472000000000E-0005	 5.89026363636364E+0000	 6.66125000000000E+0000	-4.29000000000000E+0001
 2.70972197025041E+0002	 5.65080645161290E+0002	 3.22314000000000E+0002	 1.77550000000000E+0001	 4.95702000000000E+0002	 2.49890000000000E+0001	 6.47929000000000E-0003	-3.81472000000000E-0005	 5.89026363636364E+0000	 6.62248000000000E+0000	-4.29000000000000E+0001
 2.72619805031086E+0002	 5.64887096774194E+0002	 3.22485000000000E+0002	 1.77410000000000E+0001	 4.95693000000000E+0002	 2.49900000000000E+0001	 6.47929000000000E-0003	-3.62399000000000E-0005	 5.89026363636364E+0000	 6.58296000000000E+0000	-4.29000000000000E+0001
 2.74289854436807E+0002	 5.64935483870968E+0002	 3.22302000000000E+0002	 1.77570000000000E+0001	 4.95586000000000E+0002	 2.49980000000000E+0001	 6.47929000000000E-0003	-3.81472000000000E-0005	 5.89026363636364E+0000	 6.54381000000000E+0000	-4.29000000000000E+0001
 2.75967722713362E+0002	 5.65032258064516E+0002	 3.22406000000000E+0002	 1.77480000000000E+0001	 4.95330000000000E+0002	 2.50110000000000E+0001	 6.47929000000000E-0003	-3.62399000000000E-0005	 5.89026363636364E+0000	 6.50429000000000E+0000	-4.29000000000000E+0001
 2.77642671624466E+0002	 5.65032258064516E+0002	 3.22653000000000E+0002	 1.77270000000000E+0001	 4.95402000000000E+0002	 2.50060000000000E+0001	 6.47929000000000E-0003	-3.81472000000000E-0005	 5.89026363636364E+0000	 6.46515000000000E+0000	-4.29000000000000E+0001
 2.79310770223590E+0002	 5.64838709677419E+0002	 3.22136000000000E+0002	 1.77700000000000E+0001	 4.95484000000000E+0002	 2.50020000000000E+0001	 6.47929000000000E-0003	-3.62399000000000E-0005	 5.89026363636364E+0000	 6.42600000000000E+0000	-4.29000000000000E+0001
 2.80961295080799E+0002	 5.65032258064516E+0002	 3.22115000000000E+0002	 1.77720000000000E+0001	 4.95346000000000E+0002	 2.50100000000000E+0001	 6.47929000000000E-0003	-3.81472000000000E-0005	 5.89026363636364E+0000	 6.38686000000000E+0000	-4.29000000000000E+0001
 2.82633310658198E+0002	 5.65032258064516E+0002	 3.22103000000000E+0002	 1.77730000000000E+0001	 4.95635000000000E+0002	 2.49930000000000E+0001	 6.47929000000000E-0003	-3.81472000000000E-0005	 5.89026363636364E+0000	 6.34734000000000E+0000	-4.29000000000000E+0001
 2.84307268102510E+0002	 5.64983870967742E+0002	 3.22165000000000E+0002	 1.77680000000000E+0001	 4.95690000000000E+0002	 2.49900000000000E+0001	 6.47929000000000E-0003	-3.81472000000000E-0005	 5.89026363636364E+0000	 6.30820000000000E+0000	-4.29000000000000E+0001
 2.85980259222890E+0002	 5.64887096774194E+0002	 3.22159000000000E+0002	 1.77680000000000E+0001	 4.95615000000000E+0002	 2.49940000000000E+0001	 6.47929000000000E-0003	-3.81472000000000E-0005	 5.89026363636364E+0000	 6.26867000000000E+0000	-4.29000000000000E+0001
 2.87652273403463E+0002	 5.64887096774194E+0002	 3.22175000000000E+0002	 1.77670000000000E+0001	 4.95367000000000E+0002	 2.50090000000000E+0001	 6.47929000000000E-0003	-3.62399000000000E-0005	 5.89026363636364E+0000	 6.22915000000000E+0000	-4.29000000000000E+0001
 2.89332091648520E+0002	 5.64741935483871E+0002	 3.22035000000000E+0002	 1.77790000000000E+0001	 4.95358000000000E+0002	 2.50090000000000E+0001	 6.47929000000000E-0003	-3.81472000000000E-0005	 5.89026363636364E+0000	 6.18963000000000E+0000	-4.29000000000000E+0001
 2.91009962439360E+0002	 5.64935483870968E+0002	 3.22175000000000E+0002	 1.77670000000000E+0001	 4.95486000000000E+0002	 2.50020000000000E+0001	 6.47929000000000E-0003	-3.62399000000000E-0005	 5.89026363636364E+0000	 6.15049000000000E+0000	-4.29000000000000E+0001
 2.92675142511129E+0002	 5.64983870967742E+0002	 3.22374000000000E+0002	 1.77500000000000E+0001	 4.95371000000000E+0002	 2.50080000000000E+0001	 6.47929000000000E-0003	-3.62399000000000E-0005	 5.89026363636364E+0000	 6.11172000000000E+0000	-4.29000000000000E+0001
 2.94328592041726E+0002	 5.65080645161290E+0002	 3.22023000000000E+0002	 1.77800000000000E+0001	 4.95501000000000E+0002	 2.50010000000000E+0001	 6.47929000000000E-0003	-3.81472000000000E-0005	 5.89026363636364E+0000	 6.07257000000000E+0000	-4.29000000000000E+0001
 2.95994744304095E+0002	 5.64983870967742E+0002	 3.22087000000000E+0002	 1.77740000000000E+0001	 4.95554000000000E+0002	 2.49980000000000E+0001	 6.47929000000000E-0003	-3.81472000000000E-0005	 5.89026363636364E+0000	 6.03381000000000E+0000	-4.29000000000000E+0001
 2.97643319472168E+0002	 5.65032258064516E+0002	 3.22221000000000E+0002	 1.77630000000000E+0001	 4.95828000000000E+0002	 2.49820000000000E+0001	 6.47929000000000E-0003	-3.62399000000000E-0005	 5.89026363636364E+0000	 5.99429000000000E+0000	-4.29000000000000E+0001
 2.99330945413453E+0002	 5.64887096774194E+0002	 3.22272000000000E+0002	 1.77620000000000E+0001	 4.95667000000000E+0002	 2.49920000000000E+0001	 6.47929000000000E-0003	-3.81472000000000E-0005	 5.89026363636364E+0000	 5.95477000000000E+0000	-4.29000000000000E+0001
 3.01003937371929E+0002	 5.64935483870968E+0002	 3.22135000000000E+0002	 1.77700000000000E+0001	 4.95476000000000E+0002	 2.50020000000000E+0001	 6.47929000000000E-0003	-3.81472000000000E-0005	 5.89026363636364E+0000	 5.91562000000000E+0000	-4.29000000000000E+0001
 3.02668142738812E+0002	 5.65177419354839E+0002	 3.22093000000000E+0002	 1.77740000000000E+0001	 4.95301000000000E+0002	 2.50120000000000E+0001	 6.47929000000000E-0003	-3.62399000000000E-0005	 5.89026363636364E+0000	 5.87648000000000E+0000	-4.29000000000000E+0001
 3.04335260487017E+0002	 5.64887096774194E+0002	 3.22062000000000E+0002	 1.77770000000000E+0001	 4.95405000000000E+0002	 2.50060000000000E+0001	 6.47929000000000E-0003	-3.81472000000000E-0005	 5.89026363636364E+0000	 5.83733000000000E+0000	-4.29000000000000E+0001
 3.05990671719450E+0002	 5.65032258064516E+0002	 3.22071000000000E+0002	 1.77760000000000E+0001	 4.95528000000000E+0002	 2.49990000000000E+0001	 6.47929000000000E-0003	-3.81472000000000E-0005	 5.89026363636364E+0000	 5.79819000000000E+0000	-4.29000000000000E+0001
 3.07660735931522E+0002	 5.64983870967742E+0002	 3.22202000000000E+0002	 1.77660000000000E+0001	 4.95547000000000E+0002	 2.49980000000000E+0001	 6.47929000000000E-0003	-3.62399000000000E-0005	 5.89026363636364E+0000	 5.75867000000000E+0000	-4.29000000000000E+0001
 3.09333711128090E+0002	 5.64983870967742E+0002	 3.21933000000000E+0002	 1.77870000000000E+0001	 4.95594000000000E+0002	 2.49950000000000E+0001	 6.47929000000000E-0003	-3.62399000000000E-0005	 5.89026363636364E+0000	 5.71952000000000E+0000	-4.29000000000000E+0001
 3.11005725588029E+0002	 5.64838709677419E+0002	 3.22024000000000E+0002	 1.77800000000000E+0001	 4.95579000000000E+0002	 2.49960000000000E+0001	 6.47929000000000E-0003	-3.81472000000000E-0005	 5.89026363636364E+0000	 5.68000000000000E+0000	-4.29000000000000E+0001
 3.12677743959079E+0002	 5.64935483870968E+0002	 3.22171000000000E+0002	 1.77670000000000E+0001	 4.95470000000000E+0002	 2.50030000000000E+0001	 6.47929000000000E-0003	-3.81472000000000E-0005	 5.89026363636364E+0000	 5.64123000000000E+0000	-4.29000000000000E+0001
 3.14330217108599E+0002	 5.64935483870968E+0002	 3.22070000000000E+0002	 1.77760000000000E+0001	 4.95420000000000E+0002	 2.50050000000000E+0001	 6.47929000000000E-0003	-3.81472000000000E-0005	 5.89026363636364E+0000	 5.60171000000000E+0000	-4.29000000000000E+0001
 3.16005159314941E+0002	 5.64838709677419E+0002	 3.21769000000000E+0002	 1.78020000000000E+0001	 4.95453000000000E+0002	 2.50020000000000E+0001	 6.47929000000000E-0003	-3.62399000000000E-0005	 5.89026363636364E+0000	 5.56257000000000E+0000	-4.29000000000000E+0001
 3.17676197952533E+0002	 5.64838709677419E+0002	 3.21745000000000E+0002	 1.78030000000000E+0001	 4.95366000000000E+0002	 2.50090000000000E+0001	 6.47929000000000E-0003	-3.81472000000000E-0005	 5.89026363636364E+0000	 5.52305000000000E+0000	-4.29000000000000E+0001
 3.19357970635933E+0002	 5.64983870967742E+0002	 3.21953000000000E+0002	 1.77860000000000E+0001	 4.95559000000000E+0002	 2.49970000000000E+0001	 6.47929000000000E-0003	-3.62399000000000E-0005	 5.89026363636364E+0000	 5.48353000000000E+0000	-4.29000000000000E+0001
 3.21030957565836E+0002	 5.61887096774194E+0002	 3.21781000000000E+0002	 1.78020000000000E+0001	 4.95467000000000E+0002	 2.50000000000000E+0001	 6.47929000000000E-0003	-3.81472000000000E-0005	 5.89026363636364E+0000	 5.44438000000000E+0000	-4.29000000000000E+0001
 3.22702970628949E+0002	 5.62129032258065E+0002	 3.21652000000000E+0002	 1.78110000000000E+0001	 4.95630000000000E+0002	 2.49930000000000E+0001	 6.47929000000000E-0003	-3.81472000000000E-0005	 5.89026363636364E+0000	 5.40486000000000E+0000	-4.29000000000000E+0001
 3.24374981457141E+0002	 5.62129032258065E+0002	 3.21817000000000E+0002	 1.77970000000000E+0001	 4.95403000000000E+0002	 2.50060000000000E+0001	 6.47929000000000E-0003	-3.81472000000000E-0005	 5.89026363636364E+0000	 5.36572000000000E+0000	-4.29000000000000E+0001
 3.26056762242129E+0002	 5.61887096774194E+0002	 3.21735000000000E+0002	 1.78040000000000E+0001	 4.95720000000000E+0002	 2.49860000000000E+0001	 6.47929000000000E-0003	-3.81472000000000E-0005	 5.89026363636364E+0000	 5.32620000000000E+0000	-4.29000000000000E+0001
 3.27727792778132E+0002	 5.61935483870968E+0002	 3.21696000000000E+0002	 1.78070000000000E+0001	 4.95614000000000E+0002	 2.49940000000000E+0001	 6.47929000000000E-0003	-3.81472000000000E-0005	 5.89026363636364E+0000	 5.28668000000000E+0000	-4.29000000000000E+0001
 3.29399799136482E+0002	 5.61887096774194E+0002	 3.21730000000000E+0002	 1.78050000000000E+0001	 4.95409000000000E+0002	 2.50060000000000E+0001	 6.47929000000000E-0003	-3.81472000000000E-0005	 5.89026363636364E+0000	 5.24753000000000E+0000	-4.29000000000000E+0001
 3.31070836097884E+0002	 5.62080645161290E+0002	 3.21687000000000E+0002	 1.78080000000000E+0001	 4.95394000000000E+0002	 2.50070000000000E+0001	 6.47929000000000E-0003	-3.81472000000000E-0005	 5.89026363636364E+0000	 5.20839000000000E+0000	-4.29000000000000E+0001
 3.32724287025306E+0002	 5.61983870967742E+0002	 3.21666000000000E+0002	 1.78100000000000E+0001	 4.95380000000000E+0002	 2.50080000000000E+0001	 6.47929000000000E-0003	-3.81472000000000E-0005	 5.89026363636364E+0000	 5.16924000000000E+0000	-4.29000000000000E+0001
 3.34399225041171E+0002	 5.62032258064516E+0002	 3.21687000000000E+0002	 1.78070000000000E+0001	 4.95611000000000E+0002	 2.49960000000000E+0001	 6.47929000000000E-0003	-3.62399000000000E-0005	 5.89026363636364E+0000	 5.12972000000000E+0000	-4.29000000000000E+0001
 3.36069289532608E+0002	 5.62080645161290E+0002	 3.21925000000000E+0002	 1.77880000000000E+0001	 4.95647000000000E+0002	 2.49920000000000E+0001	 6.47929000000000E-0003	-3.62399000000000E-0005	 5.89026363636364E+0000	 5.09058000000000E+0000	-4.29000000000000E+0001
 3.37748138939446E+0002	 5.62129032258065E+0002	 3.21580000000000E+0002	 1.78170000000000E+0001	 4.95397000000000E+0002	 2.50070000000000E+0001	 6.47929000000000E-0003	-3.81472000000000E-0005	 5.89026363636364E+0000	 5.05106000000000E+0000	-4.29000000000000E+0001
 3.39423088129916E+0002	 5.62177419354839E+0002	 3.21537000000000E+0002	 1.78210000000000E+0001	 4.95357000000000E+0002	 2.50090000000000E+0001	 6.47929000000000E-0003	-3.81472000000000E-0005	 5.89026363636364E+0000	 5.01154000000000E+0000	-4.29000000000000E+0001
 3.41098030336258E+0002	 5.61935483870968E+0002	 3.21484000000000E+0002	 1.78250000000000E+0001	 4.95437000000000E+0002	 2.50040000000000E+0001	 6.47929000000000E-0003	-3.62399000000000E-0005	 5.89026363636364E+0000	 4.97239000000000E+0000	-4.29000000000000E+0001
 3.42782733839077E+0002	 5.62032258064516E+0002	 3.21522000000000E+0002	 1.78220000000000E+0001	 4.95398000000000E+0002	 2.50070000000000E+0001	 6.47929000000000E-0003	-3.62399000000000E-0005	 5.89026363636364E+0000	 4.93287000000000E+0000	-4.29000000000000E+0001
 3.44446926634530E+0002	 5.61983870967742E+0002	 3.21433000000000E+0002	 1.78300000000000E+0001	 4.95548000000000E+0002	 2.49960000000000E+0001	 6.47929000000000E-0003	-3.81472000000000E-0005	 5.89026363636364E+0000	 4.89335000000000E+0000	-4.29000000000000E+0001
 3.46120898605828E+0002	 5.61887096774194E+0002	 3.21581000000000E+0002	 1.78170000000000E+0001	 4.95491000000000E+0002	 2.50010000000000E+0001	 6.47929000000000E-0003	-3.81472000000000E-0005	 5.89026363636364E+0000	 4.85383000000000E+0000	-4.29000000000000E+0001
 3.47803650184590E+0002	 5.61887096774194E+0002	 3.21654000000000E+0002	 1.78110000000000E+0001	 4.95583000000000E+0002	 2.49960000000000E+0001	 6.47929000000000E-0003	-3.62399000000000E-0005	 5.89026363636364E+0000	 4.81469000000000E+0000	-4.29000000000000E+0001
 3.49472731590188E+0002	 5.62080645161290E+0002	 3.21556000000000E+0002	 1.78200000000000E+0001	 4.95459000000000E+0002	 2.50040000000000E+0001	 6.47929000000000E-0003	-3.81472000000000E-0005	 5.89026363636364E+0000	 4.77554000000000E+0000	-4.29000000000000E+0001
 3.51141811598960E+0002	 5.62080645161290E+0002	 3.21577000000000E+0002	 1.78170000000000E+0001	 4.95484000000000E+0002	 2.50020000000000E+0001	 6.47929000000000E-0003	-3.81472000000000E-0005	 5.89026363636364E+0000	 4.73602000000000E+0000	-4.29000000000000E+0001
 3.52817730745109E+0002	 5.62129032258065E+0002	 3.21498000000000E+0002	 1.78240000000000E+0001	 4.95512000000000E+0002	 2.50000000000000E+0001	 6.47929000000000E-0003	-3.81472000000000E-0005	 5.89026363636364E+0000	 4.69650000000000E+0000	-4.29000000000000E+0001
 3.54487788811148E+0002	 5.62080645161290E+0002	 3.21568000000000E+0002	 1.78180000000000E+0001	 4.95536000000000E+0002	 2.49990000000000E+0001	 6.47929000000000E-0003	-3.81472000000000E-0005	 5.89026363636364E+0000	 4.65773000000000E+0000	-4.29000000000000E+0001
 3.56143199484851E+0002	 5.62032258064516E+0002	 3.21336000000000E+0002	 1.78380000000000E+0001	 4.95637000000000E+0002	 2.49930000000000E+0001	 6.47929000000000E-0003	-3.81472000000000E-0005	 5.89026363636364E+0000	 4.61821000000000E+0000	-4.29000000000000E+0001
 3.57814249855778E+0002	 5.61983870967742E+0002	 3.21346000000000E+0002	 1.78360000000000E+0001	 4.95620000000000E+0002	 2.49940000000000E+0001	 6.47929000000000E-0003	-3.81472000000000E-0005	 5.89026363636364E+0000	 4.57907000000000E+0000	-4.29000000000000E+0001
 3.59486242525237E+0002	 5.62080645161290E+0002	 3.21351000000000E+0002	 1.78360000000000E+0001	 4.95559000000000E+0002	 2.49970000000000E+0001	 6.47929000000000E-0003	-3.62399000000000E-0005	 5.89026363636364E+0000	 4.53955000000000E+0000	-4.29000000000000E+0001
 3.61164112477983E+0002	 5.61935483870968E+0002	 3.21287000000000E+0002	 1.78420000000000E+0001	 4.95447000000000E+0002	 2.50040000000000E+0001	 6.47929000000000E-0003	-3.62399000000000E-0005	 5.89026363636364E+0000	 4.50040000000000E+0000	-4.29000000000000E+0001
 3.62827339787599E+0002	 5.62080645161290E+0002	 3.21347000000000E+0002	 1.78370000000000E+0001	 4.95527000000000E+0002	 2.49990000000000E+0001	 6.47929000000000E-0003	-3.81472000000000E-0005	 5.89026363636364E+0000	 4.46163000000000E+0000	-4.29000000000000E+0001
 3.64483723769362E+0002	 5.62080645161290E+0002	 3.21238000000000E+0002	 1.78460000000000E+0001	 4.95323000000000E+0002	 2.50110000000000E+0001	 6.47929000000000E-0003	-3.81472000000000E-0005	 5.89026363636364E+0000	 4.42211000000000E+0000	-4.29000000000000E+0001
 3.66158684134436E+0002	 5.62080645161290E+0002	 3.21150000000000E+0002	 1.78530000000000E+0001	 4.95469000000000E+0002	 2.50020000000000E+0001	 6.47929000000000E-0003	-3.81472000000000E-0005	 5.89026363636364E+0000	 4.38297000000000E+0000	-4.29000000000000E+0001
 3.67832649121606E+0002	 5.61935483870968E+0002	 3.21226000000000E+0002	 1.78470000000000E+0001	 4.95496000000000E+0002	 2.50010000000000E+0001	 6.47929000000000E-0003	-3.81472000000000E-0005	 5.89026363636364E+0000	 4.34345000000000E+0000	-4.29000000000000E+0001
 3.69504659670433E+0002	 5.62032258064516E+0002	 3.21215000000000E+0002	 1.78480000000000E+0001	 4.95573000000000E+0002	 2.49970000000000E+0001	 6.47929000000000E-0003	-3.62399000000000E-0005	 5.89026363636364E+0000	 4.30430000000000E+0000	-4.29000000000000E+0001
 3.71174713545995E+0002	 5.61887096774194E+0002	 3.21156000000000E+0002	 1.78530000000000E+0001	 4.95594000000000E+0002	 2.49950000000000E+0001	 6.47929000000000E-0003	-3.81472000000000E-0005	 5.89026363636364E+0000	 4.26554000000000E+0000	-4.29000000000000E+0001
 3.72824260625303E+0002	 5.61983870967742E+0002	 3.21165000000000E+0002	 1.78520000000000E+0001	 4.95676000000000E+0002	 2.49910000000000E+0001	 6.47929000000000E-0003	-3.81472000000000E-0005	 5.89026363636364E+0000	 4.22602000000000E+0000	-4.29000000000000E+0001
 3.74499203949105E+0002	 5.61887096774194E+0002	 3.21259000000000E+0002	 1.78440000000000E+0001	 4.95561000000000E+0002	 2.49970000000000E+0001	 6.47929000000000E-0003	-3.81472000000000E-0005	 5.89026363636364E+0000	 4.18649000000000E+0000	-4.29000000000000E+0001
 3.76177074460581E+0002	 5.62225806451613E+0002	 3.21145000000000E+0002	 1.78540000000000E+0001	 4.95530000000000E+0002	 2.49990000000000E+0001	 6.47929000000000E-0003	-3.81472000000000E-0005	 5.89026363636364E+0000	 4.14735000000000E+0000	-4.29000000000000E+0001
 3.77848109466427E+0002	 5.62129032258065E+0002	 3.21259000000000E+0002	 1.78440000000000E+0001	 4.95395000000000E+0002	 2.50070000000000E+0001	 6.47929000000000E-0003	-3.81472000000000E-0005	 5.89026363636364E+0000	 4.10820000000000E+0000	-4.29000000000000E+0001
 3.79514260052604E+0002	 5.61887096774194E+0002	 3.21076000000000E+0002	 1.78600000000000E+0001	 4.95225000000000E+0002	 2.50170000000000E+0001	 6.47929000000000E-0003	-3.62399000000000E-0005	 5.89026363636364E+0000	 4.06906000000000E+0000	-4.29000000000000E+0001
 3.81165757659144E+0002	 5.75458333333333E+0002	 3.20954000000000E+0002	 1.78700000000000E+0001	 4.95555000000000E+0002	 2.49980000000000E+0001	 6.47929000000000E-0003	-3.81472000000000E-0005	 5.89026363636364E+0000	 4.02992000000000E+0000	-4.29000000000000E+0001
 3.82832888816875E+0002	 5.75541666666667E+0002	 3.20858000000000E+0002	 1.78780000000000E+0001	 4.95529000000000E+0002	 2.49990000000000E+0001	 6.47929000000000E-0003	-3.81472000000000E-0005	 5.89026363636364E+0000	 3.99115000000000E+0000	-4.29000000000000E+0001
 3.84493173015006E+0002	 5.75541666666667E+0002	 3.20820000000000E+0002	 1.78810000000000E+0001	 4.95662000000000E+0002	 2.49910000000000E+0001	 6.47929000000000E-0003	-3.81472000000000E-0005	 5.89026363636364E+0000	 3.95200000000000E+0000	-4.29000000000000E+0001
 3.86155423384816E+0002	 5.75458333333333E+0002	 3.20794000000000E+0002	 1.78840000000000E+0001	 4.95535000000000E+0002	 2.49990000000000E+0001	 6.47929000000000E-0003	-3.81472000000000E-0005	 5.89026363636364E+0000	 3.91248000000000E+0000	-4.29000000000000E+0001
 3.87831343648425E+0002	 5.75458333333333E+0002	 3.20912000000000E+0002	 1.78730000000000E+0001	 4.95437000000000E+0002	 2.50040000000000E+0001	 6.47929000000000E-0003	-3.81472000000000E-0005	 5.89026363636364E+0000	 3.87296000000000E+0000	-4.29000000000000E+0001
 3.89506282781750E+0002	 5.75375000000000E+0002	 3.20823000000000E+0002	 1.78810000000000E+0001	 4.95501000000000E+0002	 2.50010000000000E+0001	 6.47929000000000E-0003	-3.81472000000000E-0005	 5.89026363636364E+0000	 3.83382000000000E+0000	-4.29000000000000E+0001
 3.91171451120184E+0002	 5.75541666666667E+0002	 3.20802000000000E+0002	 1.78830000000000E+0001	 4.95626000000000E+0002	 2.49940000000000E+0001	 6.47929000000000E-0003	-3.81472000000000E-0005	 5.89026363636364E+0000	 3.79505000000000E+0000	-4.29000000000000E+0001
 3.92825891000113E+0002	 5.75541666666667E+0002	 3.20620000000000E+0002	 1.78980000000000E+0001	 4.95416000000000E+0002	 2.50060000000000E+0001	 6.47929000000000E-0003	-3.62399000000000E-0005	 5.89026363636364E+0000	 3.75553000000000E+0000	-4.29000000000000E+0001
 3.94499850399981E+0002	 5.75333333333333E+0002	 3.20837000000000E+0002	 1.78810000000000E+0001	 4.95486000000000E+0002	 2.50000000000000E+0001	 6.47929000000000E-0003	-3.81472000000000E-0005	 5.89026363636364E+0000	 3.71639000000000E+0000	-4.29000000000000E+0001
 3.96171859272617E+0002	 5.75583333333333E+0002	 3.20660000000000E+0002	 1.78950000000000E+0001	 4.95390000000000E+0002	 2.50070000000000E+0001	 6.47929000000000E-0003	-3.62399000000000E-0005	 5.89026363636364E+0000	 3.67686000000000E+0000	-4.29000000000000E+0001
 3.97842893719733E+0002	 5.75500000000000E+0002	 3.20638000000000E+0002	 1.78970000000000E+0001	 4.95403000000000E+0002	 2.50060000000000E+0001	 6.47929000000000E-0003	-3.81472000000000E-0005	 5.89026363636364E+0000	 3.63772000000000E+0000	-4.29000000000000E+0001
 3.99516860941824E+0002	 5.75500000000000E+0002	 3.20569000000000E+0002	 1.79020000000000E+0001	 4.95472000000000E+0002	 2.50020000000000E+0001	 6.47929000000000E-0003	-3.81472000000000E-0005	 5.89026363636364E+0000	 3.59857000000000E+0000	-4.29000000000000E+0001
 4.01168355754712E+0002	 5.75458333333333E+0002	 3.20587000000000E+0002	 1.79010000000000E+0001	 4.95504000000000E+0002	 2.50010000000000E+0001	 6.47929000000000E-0003	-3.81472000000000E-0005	 5.89026363636364E+0000	 3.55943000000000E+0000	-4.29000000000000E+0001
 4.02839400258971E+0002	 5.75375000000000E+0002	 3.20568000000000E+0002	 1.79010000000000E+0001	 4.95480000000000E+0002	 2.50040000000000E+0001	 6.47929000000000E-0003	-3.81472000000000E-0005	 5.89026363636364E+0000	 3.51991000000000E+0000	-4.29000000000000E+0001
 4.04517267418066E+0002	 5.75333333333333E+0002	 3.20531000000000E+0002	 1.79050000000000E+0001	 4.95528000000000E+0002	 2.49990000000000E+0001	 6.47929000000000E-0003	-3.81472000000000E-0005	 5.89026363636364E+0000	 3.48039000000000E+0000	-4.29000000000000E+0001
 4.06192207948217E+0002	 5.75458333333333E+0002	 3.20535000000000E+0002	 1.79050000000000E+0001	 4.95426000000000E+0002	 2.50050000000000E+0001	 6.47929000000000E-0003	-3.81472000000000E-0005	 5.89026363636364E+0000	 3.44124000000000E+0000	-4.29000000000000E+0001
 4.07860311855278E+0002	 5.75500000000000E+0002	 3.20566000000000E+0002	 1.79030000000000E+0001	 4.95329000000000E+0002	 2.50090000000000E+0001	 6.47929000000000E-0003	-3.81472000000000E-0005	 5.89026363636364E+0000	 3.40172000000000E+0000	-4.29000000000000E+0001
 4.09541112068713E+0002	 5.75416666666667E+0002	 3.20579000000000E+0002	 1.79010000000000E+0001	 4.95559000000000E+0002	 2.49970000000000E+0001	 6.47929000000000E-0003	-3.81472000000000E-0005	 5.89026363636364E+0000	 3.36220000000000E+0000	-4.29000000000000E+0001
 4.11218002567365E+0002	 5.75416666666667E+0002	 3.20521000000000E+0002	 1.79060000000000E+0001	 4.95645000000000E+0002	 2.49920000000000E+0001	 6.47929000000000E-0003	-3.81472000000000E-0005	 5.89026363636364E+0000	 3.32306000000000E+0000	-4.29000000000000E+0001
 4.12881228759521E+0002	 5.75500000000000E+0002	 3.20397000000000E+0002	 1.79170000000000E+0001	 4.95620000000000E+0002	 2.49940000000000E+0001	 6.47929000000000E-0003	-3.81472000000000E-0005	 5.89026363636364E+0000	 3.28429000000000E+0000	-4.29000000000000E+0001
 4.14532727762886E+0002	 5.75541666666667E+0002	 3.20439000000000E+0002	 1.79130000000000E+0001	 4.95605000000000E+0002	 2.49950000000000E+0001	 6.47929000000000E-0003	-3.81472000000000E-0005	 5.89026363636364E+0000	 3.24477000000000E+0000	-4.29000000000000E+0001
 4.16212554109531E+0002	 5.75500000000000E+0002	 3.20408000000000E+0002	 1.79170000000000E+0001	 4.95424000000000E+0002	 2.50040000000000E+0001	 6.47929000000000E-0003	-3.81472000000000E-0005	 5.89026363636364E+0000	 3.20563000000000E+0000	-4.29000000000000E+0001
 4.17883588277281E+0002	 5.75375000000000E+0002	 3.20559000000000E+0002	 1.79030000000000E+0001	 4.95447000000000E+0002	 2.50040000000000E+0001	 6.47929000000000E-0003	-3.81472000000000E-0005	 5.89026363636364E+0000	 3.16611000000000E+0000	-4.29000000000000E+0001
 4.19555597988012E+0002	 5.75416666666667E+0002	 3.20481000000000E+0002	 1.79100000000000E+0001	 4.95573000000000E+0002	 2.49970000000000E+0001	 6.47929000000000E-0003	-3.81472000000000E-0005	 5.89026363636364E+0000	 3.12658000000000E+0000	-4.29000000000000E+0001
 4.21236398480813E+0002	 5.75375000000000E+0002	 3.20381000000000E+0002	 1.79180000000000E+0001	 4.95499000000000E+0002	 2.50000000000000E+0001	 6.47929000000000E-0003	-3.81472000000000E-0005	 5.89026363636364E+0000	 3.08744000000000E+0000	-4.29000000000000E+0001
 4.22905481283236E+0002	 5.75541666666667E+0002	 3.20484000000000E+0002	 1.79090000000000E+0001	 4.95630000000000E+0002	 2.49930000000000E+0001	 6.47929000000000E-0003	-3.81472000000000E-0005	 5.89026363636364E+0000	 3.04792000000000E+0000	-4.29000000000000E+0001
 4.24580419299101E+0002	 5.75333333333333E+0002	 3.20491000000000E+0002	 1.79090000000000E+0001	 4.95722000000000E+0002	 2.49880000000000E+0001	 6.47929000000000E-0003	-3.62399000000000E-0005	 5.89026363636364E+0000	 3.00877000000000E+0000	-4.29000000000000E+0001
 4.26249499028508E+0002	 5.75583333333333E+0002	 3.20679000000000E+0002	 1.78930000000000E+0001	 4.95520000000000E+0002	 2.50000000000000E+0001	 6.47929000000000E-0003	-3.62399000000000E-0005	 5.89026363636364E+0000	 2.97001000000000E+0000	-4.29000000000000E+0001
 4.27913691544596E+0002	 5.75416666666667E+0002	 3.20078000000000E+0002	 1.79440000000000E+0001	 4.95390000000000E+0002	 2.50070000000000E+0001	 6.47929000000000E-0003	-3.81472000000000E-0005	 5.89026363636364E+0000	 2.93011000000000E+0000	-4.29000000000000E+0001
 4.29590588748011E+0002	 5.75458333333333E+0002	 3.20186000000000E+0002	 1.79360000000000E+0001	 4.95391000000000E+0002	 2.50070000000000E+0001	 6.47929000000000E-0003	-3.81472000000000E-0005	 5.89026363636364E+0000	 2.89097000000000E+0000	-4.29000000000000E+0001
 4.31251856311347E+0002	 5.75458333333333E+0002	 3.20058000000000E+0002	 1.79450000000000E+0001	 4.95650000000000E+0002	 2.49920000000000E+0001	 6.47929000000000E-0003	-3.81472000000000E-0005	 5.89026363636364E+0000	 2.85182000000000E+0000	-4.29000000000000E+0001
 4.32918992777015E+0002	 5.75416666666667E+0002	 3.20228000000000E+0002	 1.79310000000000E+0001	 4.95621000000000E+0002	 2.49940000000000E+0001	 6.47929000000000E-0003	-3.62399000000000E-0005	 5.89026363636364E+0000	 2.81268000000000E+0000	-4.29000000000000E+0001
 4.34592951618153E+0002	 5.75500000000000E+0002	 3.20004000000000E+0002	 1.79500000000000E+0001	 4.95488000000000E+0002	 2.50020000000000E+0001	 6.47929000000000E-0003	-3.81472000000000E-0005	 5.89026363636364E+0000	 2.77353000000000E+0000	-4.29000000000000E+0001
 4.36244459281836E+0002	 5.75500000000000E+0002	 3.20197000000000E+0002	 1.79340000000000E+0001	 4.95529000000000E+0002	 2.49990000000000E+0001	 6.47929000000000E-0003	-3.62399000000000E-0005	 5.89026363636364E+0000	 2.73439000000000E+0000	-4.29000000000000E+0001
 4.37918419519799E+0002	 5.75500000000000E+0002	 3.20065000000000E+0002	 1.79430000000000E+0001	 4.95616000000000E+0002	 2.49980000000000E+0001	 6.47929000000000E-0003	-3.81472000000000E-0005	 5.89026363636364E+0000	 2.69487000000000E+0000	-4.29000000000000E+0001
 4.39592380875223E+0002	 5.75458333333333E+0002	 3.20050000000000E+0002	 1.79460000000000E+0001	 4.95329000000000E+0002	 2.50110000000000E+0001	 6.47929000000000E-0003	-3.62399000000000E-0005	 5.89026363636364E+0000	 2.65535000000000E+0000	-4.29000000000000E+0001
 4.41268297507085E+0002	 5.76750000000000E+0002	 3.20101000000000E+0002	 1.79420000000000E+0001	 4.95560000000000E+0002	 2.49970000000000E+0001	 6.47929000000000E-0003	-3.62399000000000E-0005	 5.89026363636364E+0000	 2.61620000000000E+0000	-4.29000000000000E+0001
 4.42937382823795E+0002	 5.76833333333333E+0002	 3.20038000000000E+0002	 1.79480000000000E+0001	 4.95515000000000E+0002	 2.50020000000000E+0001	 6.47929000000000E-0003	-3.81472000000000E-0005	 5.89026363636364E+0000	 2.57668000000000E+0000	-4.29000000000000E+0001
 4.44621138440779E+0002	 5.76583333333333E+0002	 3.19962000000000E+0002	 1.79530000000000E+0001	 4.95556000000000E+0002	 2.49980000000000E+0001	 6.47929000000000E-0003	-3.81472000000000E-0005	 5.89026363636364E+0000	 2.53716000000000E+0000	-4.29000000000000E+0001
 4.46294100786552E+0002	 5.76666666666667E+0002	 3.20049000000000E+0002	 1.79460000000000E+0001	 4.95605000000000E+0002	 2.49950000000000E+0001	 6.47929000000000E-0003	-3.81472000000000E-0005	 5.89026363636364E+0000	 2.49802000000000E+0000	-4.29000000000000E+0001
 4.47961230547458E+0002	 5.76708333333333E+0002	 3.19987000000000E+0002	 1.79510000000000E+0001	 4.95404000000000E+0002	 2.50060000000000E+0001	 6.47929000000000E-0003	-3.81472000000000E-0005	 5.89026363636364E+0000	 2.45925000000000E+0000	-4.29000000000000E+0001
 4.49613705373169E+0002	 5.76666666666667E+0002	 3.19876000000000E+0002	 1.79610000000000E+0001	 4.95537000000000E+0002	 2.49990000000000E+0001	 6.47929000000000E-0003	-3.81472000000000E-0005	 5.89026363636364E+0000	 2.41973000000000E+0000	-4.29000000000000E+0001
 4.51286697331644E+0002	 5.76625000000000E+0002	 3.20040000000000E+0002	 1.79480000000000E+0001	 4.95580000000000E+0002	 2.49940000000000E+0001	 6.47739000000000E-0003	-3.62399000000000E-0005	 5.88853636363636E+0000	 2.38058000000000E+0000	-4.29000000000000E+0001
 4.52955776781686E+0002	 5.76750000000000E+0002	 3.19808000000000E+0002	 1.79660000000000E+0001	 4.95469000000000E+0002	 2.50030000000000E+0001	 6.47929000000000E-0003	-3.62399000000000E-0005	 5.89026363636364E+0000	 2.34106000000000E+0000	-4.29000000000000E+0001
 4.54631718277044E+0002	 5.76750000000000E+0002	 3.20015000000000E+0002	 1.79490000000000E+0001	 4.95400000000000E+0002	 2.50070000000000E+0001	 6.47929000000000E-0003	-3.62399000000000E-0005	 5.89026363636364E+0000	 2.30192000000000E+0000	-4.29000000000000E+0001
 4.56304682857738E+0002	 5.76666666666667E+0002	 3.19859000000000E+0002	 1.79620000000000E+0001	 4.95465000000000E+0002	 2.50030000000000E+0001	 6.47929000000000E-0003	-3.81472000000000E-0005	 5.89026363636364E+0000	 2.26315000000000E+0000	-4.29000000000000E+0001
 4.57954225467203E+0002	 5.76708333333333E+0002	 3.19727000000000E+0002	 1.79730000000000E+0001	 4.95620000000000E+0002	 2.49940000000000E+0001	 6.47929000000000E-0003	-3.81472000000000E-0005	 5.89026363636364E+0000	 2.22363000000000E+0000	-4.29000000000000E+0001
 4.59629194492596E+0002	 5.76791666666667E+0002	 3.19889000000000E+0002	 1.79580000000000E+0001	 4.95707000000000E+0002	 2.49890000000000E+0001	 6.47929000000000E-0003	-3.81472000000000E-0005	 5.89026363636364E+0000	 2.18449000000000E+0000	-4.29000000000000E+0001
 4.61299224901489E+0002	 5.76458333333333E+0002	 3.19798000000000E+0002	 1.79670000000000E+0001	 4.95542000000000E+0002	 2.49980000000000E+0001	 6.47929000000000E-0003	-3.81472000000000E-0005	 5.89026363636364E+0000	 2.14496000000000E+0000	-4.29000000000000E+0001
 4.62974167945926E+0002	 5.76625000000000E+0002	 3.19629000000000E+0002	 1.79820000000000E+0001	 4.95349000000000E+0002	 2.50100000000000E+0001	 6.47929000000000E-0003	-3.81472000000000E-0005	 5.89026363636364E+0000	 2.10544000000000E+0000	-4.29000000000000E+0001
 4.64645211053360E+0002	 5.76625000000000E+0002	 3.19662000000000E+0002	 1.79790000000000E+0001	 4.95351000000000E+0002	 2.50090000000000E+0001	 6.47929000000000E-0003	-3.81472000000000E-0005	 5.89026363636364E+0000	 2.06667000000000E+0000	-4.29000000000000E+0001
 4.66294752266000E+0002	 5.76666666666667E+0002	 3.19558000000000E+0002	 1.79870000000000E+0001	 4.95610000000000E+0002	 2.49940000000000E+0001	 6.47929000000000E-0003	-3.81472000000000E-0005	 5.89026363636364E+0000	 2.02753000000000E+0000	-4.29000000000000E+0001
 4.67970663869291E+0002	 5.76791666666667E+0002	 3.19469000000000E+0002	 1.79970000000000E+0001	 4.95544000000000E+0002	 2.49990000000000E+0001	 6.47929000000000E-0003	-3.81472000000000E-0005	 5.89026363636364E+0000	 1.98801000000000E+0000	-4.29000000000000E+0001
 4.69656358559538E+0002	 5.76708333333333E+0002	 3.19380000000000E+0002	 1.80030000000000E+0001	 4.95445000000000E+0002	 2.50040000000000E+0001	 6.47929000000000E-0003	-3.81472000000000E-0005	 5.89026363636364E+0000	 1.94886000000000E+0000	-4.29000000000000E+0001
 4.71317615227634E+0002	 5.76666666666667E+0002	 3.19460000000000E+0002	 1.79960000000000E+0001	 4.95287000000000E+0002	 2.50130000000000E+0001	 6.47929000000000E-0003	-3.81472000000000E-0005	 5.89026363636364E+0000	 1.90934000000000E+0000	-4.29000000000000E+0001
 4.72988653865226E+0002	 5.76791666666667E+0002	 3.19476000000000E+0002	 1.79940000000000E+0001	 4.95563000000000E+0002	 2.49970000000000E+0001	 6.47929000000000E-0003	-3.62399000000000E-0005	 5.89026363636364E+0000	 1.87058000000000E+0000	-4.29000000000000E+0001
 4.74638208487392E+0002	 5.76625000000000E+0002	 3.19455000000000E+0002	 1.79960000000000E+0001	 4.95653000000000E+0002	 2.49920000000000E+0001	 6.47929000000000E-0003	-3.81472000000000E-0005	 5.89026363636364E+0000	 1.83106000000000E+0000	-4.29000000000000E+0001
 4.76313137284208E+0002	 5.76666666666667E+0002	 3.19458000000000E+0002	 1.79960000000000E+0001	 4.95651000000000E+0002	 2.49930000000000E+0001	 6.47929000000000E-0003	-3.81472000000000E-0005	 5.89026363636364E+0000	 1.79191000000000E+0000	-4.29000000000000E+0001
 4.77984176759895E+0002	 5.76666666666667E+0002	 3.19430000000000E+0002	 1.79980000000000E+0001	 4.95534000000000E+0002	 2.49990000000000E+0001	 6.47929000000000E-0003	-3.81472000000000E-0005	 5.89026363636364E+0000	 1.75277000000000E+0000	-4.29000000000000E+0001
 4.79654238737046E+0002	 5.76541666666667E+0002	 3.19460000000000E+0002	 1.79960000000000E+0001	 4.95469000000000E+0002	 2.50030000000000E+0001	 6.47929000000000E-0003	-3.81472000000000E-0005	 5.89026363636364E+0000	 1.71325000000000E+0000	-4.29000000000000E+0001
 4.81331123927762E+0002	 5.76708333333333E+0002	 3.19395000000000E+0002	 1.80010000000000E+0001	 4.95341000000000E+0002	 2.50100000000000E+0001	 6.47929000000000E-0003	-3.81472000000000E-0005	 5.89026363636364E+0000	 1.67448000000000E+0000	-4.29000000000000E+0001
 4.82978721876663E+0002	 5.76583333333333E+0002	 3.19465000000000E+0002	 1.79950000000000E+0001	 4.95191000000000E+0002	 2.50190000000000E+0001	 6.47929000000000E-0003	-3.81472000000000E-0005	 5.89026363636364E+0000	 1.63496000000000E+0000	-4.29000000000000E+0001
 4.84652691892405E+0002	 5.76625000000000E+0002	 3.19358000000000E+0002	 1.80040000000000E+0001	 4.95383000000000E+0002	 2.50080000000000E+0001	 6.47929000000000E-0003	-3.62399000000000E-0005	 5.89026363636364E+0000	 1.59544000000000E+0000	-4.29000000000000E+0001
 4.86333480931236E+0002	 5.76500000000000E+0002	 3.19307000000000E+0002	 1.80090000000000E+0001	 4.95610000000000E+0002	 2.49940000000000E+0001	 6.47929000000000E-0003	-3.81472000000000E-0005	 5.89026363636364E+0000	 1.55629000000000E+0000	-4.29000000000000E+0001
 4.88002564851119E+0002	 5.76708333333333E+0002	 3.19318000000000E+0002	 1.80080000000000E+0001	 4.95706000000000E+0002	 2.49890000000000E+0001	 6.47929000000000E-0003	-3.81472000000000E-0005	 5.89026363636364E+0000	 1.51677000000000E+0000	-4.29000000000000E+0001
 4.89670676859768E+0002	 5.76666666666667E+0002	 3.19475000000000E+0002	 1.79940000000000E+0001	 4.95612000000000E+0002	 2.49940000000000E+0001	 6.47929000000000E-0003	-3.81472000000000E-0005	 5.89026363636364E+0000	 1.47800000000000E+0000	-4.29000000000000E+0001
 4.91324126669730E+0002	 5.76583333333333E+0002	 3.19165000000000E+0002	 1.80210000000000E+0001	 4.95434000000000E+0002	 2.50050000000000E+0001	 6.47929000000000E-0003	-3.81472000000000E-0005	 5.89026363636364E+0000	 1.43848000000000E+0000	-4.29000000000000E+0001
 4.92997116952015E+0002	 5.76791666666667E+0002	 3.19260000000000E+0002	 1.80120000000000E+0001	 4.95308000000000E+0002	 2.50110000000000E+0001	 6.48120000000000E-0003	-3.81472000000000E-0005	 5.89200000000000E+0000	 1.39934000000000E+0000	-4.29000000000000E+0001
 4.94671085291566E+0002	 5.76541666666667E+0002	 3.19229000000000E+0002	 1.80150000000000E+0001	 4.95257000000000E+0002	 2.50150000000000E+0001	 6.47929000000000E-0003	-3.81472000000000E-0005	 5.89026363636364E+0000	 1.35982000000000E+0000	-4.29000000000000E+0001
 4.96344064399246E+0002	 5.76708333333333E+0002	 3.19174000000000E+0002	 1.80200000000000E+0001	 4.95381000000000E+0002	 2.50080000000000E+0001	 6.48120000000000E-0003	-3.81472000000000E-0005	 5.89200000000000E+0000	 1.32067000000000E+0000	-4.29000000000000E+0001
 4.98011192204596E+0002	 5.76666666666667E+0002	 3.19415000000000E+0002	 1.79990000000000E+0001	 4.95632000000000E+0002	 2.49930000000000E+0001	 6.47929000000000E-0003	-3.81472000000000E-0005	 5.89026363636364E+0000	 1.28191000000000E+0000	-4.29000000000000E+0001
 4.99663674573165E+0002	 5.76750000000000E+0002	 3.19073000000000E+0002	 1.80280000000000E+0001	 4.95674000000000E+0002	 2.49910000000000E+0001	 6.47929000000000E-0003	-3.62399000000000E-0005	 5.89026363636364E+0000	 1.24239000000000E+0000	-4.29000000000000E+0001
 5.01340562557532E+0002	 5.76750000000000E+0002	 3.19098000000000E+0002	 1.80270000000000E+0001	 4.95650000000000E+0002	 2.49940000000000E+0001	 6.47929000000000E-0003	-3.81472000000000E-0005	 5.89026363636364E+0000	 1.20324000000000E+0000	-4.29000000000000E+0001
 5.03009648432971E+0002	 5.85311111111111E+0002	 3.19130000000000E+0002	 1.80240000000000E+0001	 4.95299000000000E+0002	 2.50120000000000E+0001	 6.48120000000000E-0003	-3.81472000000000E-0005	 5.89200000000000E+0000	 1.16372000000000E+0000	-4.29000000000000E+0001
 5.04686544518926E+0002	 5.85311111111111E+0002	 3.19086000000000E+0002	 1.80270000000000E+0001	 4.95367000000000E+0002	 2.50090000000000E+0001	 6.47929000000000E-0003	-3.81472000000000E-0005	 5.89026363636364E+0000	 1.12458000000000E+0000	-4.29000000000000E+0001
 5.06356596997663E+0002	 5.85207407407407E+0002	 3.19138000000000E+0002	 1.80230000000000E+0001	 4.95410000000000E+0002	 2.50040000000000E+0001	 6.47929000000000E-0003	-3.81472000000000E-0005	 5.89026363636364E+0000	 1.08505000000000E+0000	-4.29000000000000E+0001
 5.08035437744183E+0002	 5.85207407407407E+0002	 3.19208000000000E+0002	 1.80170000000000E+0001	 4.95523000000000E+0002	 2.50000000000000E+0001	 6.47929000000000E-0003	-3.62399000000000E-0005	 5.89026363636364E+0000	 1.04553000000000E+0000	-4.29000000000000E+0001
 5.09712338858710E+0002	 5.85414814814815E+0002	 3.18984000000000E+0002	 1.80360000000000E+0001	 4.95697000000000E+0002	 2.49890000000000E+0001	 6.47929000000000E-0003	-3.62399000000000E-0005	 5.89026363636364E+0000	 1.00639000000000E+0000	-4.29000000000000E+0001
 5.11385324671152E+0002	 5.85362962962963E+0002	 3.19099000000000E+0002	 1.80270000000000E+0001	 4.95531000000000E+0002	 2.49990000000000E+0001	 6.47929000000000E-0003	-3.81472000000000E-0005	 5.89026363636364E+0000	 9.66870000000000E-0001	-4.29000000000000E+0001
 5.13062220477742E+0002	 5.85518518518518E+0002	 3.19064000000000E+0002	 1.80290000000000E+0001	 4.95408000000000E+0002	 2.50060000000000E+0001	 6.47929000000000E-0003	-3.81472000000000E-0005	 5.89026363636364E+0000	 9.27350000000000E-0001	-4.29000000000000E+0001
 5.14730327457819E+0002	 5.85207407407407E+0002	 3.19029000000000E+0002	 1.80320000000000E+0001	 4.95510000000000E+0002	 2.50000000000000E+0001	 6.47929000000000E-0003	-3.62399000000000E-0005	 5.89026363636364E+0000	 8.88200000000000E-0001	-4.29000000000000E+0001
 5.16405263797494E+0002	 5.85259259259259E+0002	 3.19186000000000E+0002	 1.80190000000000E+0001	 4.95418000000000E+0002	 2.50060000000000E+0001	 6.47929000000000E-0003	-3.81472000000000E-0005	 5.89026363636364E+0000	 8.49440000000000E-0001	-4.29000000000000E+0001
 5.18057777175591E+0002	 5.85414814814815E+0002	 3.18866000000000E+0002	 1.80460000000000E+0001	 4.95397000000000E+0002	 2.50070000000000E+0001	 6.48120000000000E-0003	-3.81472000000000E-0005	 5.89200000000000E+0000	 8.09910000000000E-0001	-4.29000000000000E+0001
 5.19730767737240E+0002	 5.85311111111111E+0002	 3.19016000000000E+0002	 1.80310000000000E+0001	 4.95591000000000E+0002	 2.49950000000000E+0001	 6.47929000000000E-0003	-3.81472000000000E-0005	 5.89026363636364E+0000	 7.70390000000000E-0001	-4.29000000000000E+0001
 5.21403752152857E+0002	 5.85362962962963E+0002	 3.18835000000000E+0002	 1.80480000000000E+0001	 4.95455000000000E+0002	 2.50030000000000E+0001	 6.47929000000000E-0003	-3.81472000000000E-0005	 5.89026363636364E+0000	 7.31250000000000E-0001	-4.29000000000000E+0001
 5.23075764098510E+0002	 5.85311111111111E+0002	 3.18991000000000E+0002	 1.80350000000000E+0001	 4.95414000000000E+0002	 2.50060000000000E+0001	 6.47929000000000E-0003	-3.81472000000000E-0005	 5.89026363636364E+0000	 6.91730000000000E-0001	-4.29000000000000E+0001
 5.24748750190318E+0002	 5.85155555555556E+0002	 3.18817000000000E+0002	 1.80500000000000E+0001	 4.95613000000000E+0002	 2.49940000000000E+0001	 6.48120000000000E-0003	-3.62399000000000E-0005	 5.89200000000000E+0000	 6.52960000000000E-0001	-4.29000000000000E+0001
 5.26396338640805E+0002	 5.85311111111111E+0002	 3.18689000000000E+0002	 1.80610000000000E+0001	 4.95526000000000E+0002	 2.49990000000000E+0001	 6.48120000000000E-0003	-3.62399000000000E-0005	 5.89200000000000E+0000	 6.13820000000000E-0001	-4.29000000000000E+0001
 5.28064640059002E+0002	 5.85155555555556E+0002	 3.18815000000000E+0002	 1.80500000000000E+0001	 4.95372000000000E+0002	 2.50080000000000E+0001	 6.48120000000000E-0003	-3.62399000000000E-0005	 5.89200000000000E+0000	 5.75050000000000E-0001	-4.29000000000000E+0001
 5.29719858808871E+0002	 5.85518518518518E+0002	 3.18780000000000E+0002	 1.80530000000000E+0001	 4.95276000000000E+0002	 2.50140000000000E+0001	 6.48120000000000E-0003	-3.62399000000000E-0005	 5.89200000000000E+0000	 5.35530000000000E-0001	-4.29000000000000E+0001
 5.31390889065510E+0002	 5.85207407407407E+0002	 3.18716000000000E+0002	 1.80580000000000E+0001	 4.95489000000000E+0002	 2.50000000000000E+0001	 6.48120000000000E-0003	-3.81472000000000E-0005	 5.89200000000000E+0000	 4.96380000000000E-0001	-4.29000000000000E+0001
 5.33061926585641E+0002	 5.85259259259259E+0002	 3.18813000000000E+0002	 1.80500000000000E+0001	 4.95449000000000E+0002	 2.50040000000000E+0001	 6.48120000000000E-0003	-3.81472000000000E-0005	 5.89200000000000E+0000	 4.56860000000000E-0001	-4.29000000000000E+0001
 5.34734914912370E+0002	 5.85414814814815E+0002	 3.18904000000000E+0002	 1.80430000000000E+0001	 4.95560000000000E+0002	 2.49970000000000E+0001	 6.48120000000000E-0003	-3.81472000000000E-0005	 5.89200000000000E+0000	 4.17720000000000E-0001	-4.29000000000000E+0001
 5.36404969346663E+0002	 5.85362962962963E+0002	 3.18709000000000E+0002	 1.80590000000000E+0001	 4.95332000000000E+0002	 2.50110000000000E+0001	 6.48120000000000E-0003	-3.81472000000000E-0005	 5.89200000000000E+0000	 3.78570000000000E-0001	-4.29000000000000E+0001
 5.38058423905832E+0002	 5.85259259259259E+0002	 3.18793000000000E+0002	 1.80520000000000E+0001	 4.95692000000000E+0002	 2.49900000000000E+0001	 6.48120000000000E-0003	-3.81472000000000E-0005	 5.89200000000000E+0000	 3.39430000000000E-0001	-4.29000000000000E+0001
 5.39731416702402E+0002	 5.85311111111111E+0002	 3.18807000000000E+0002	 1.80500000000000E+0001	 4.95685000000000E+0002	 2.49910000000000E+0001	 6.48120000000000E-0003	-3.81472000000000E-0005	 5.89200000000000E+0000	 3.00290000000000E-0001	-4.29000000000000E+0001
 5.41403420546466E+0002	 5.85207407407407E+0002	 3.18778000000000E+0002	 1.80530000000000E+0001	 4.95433000000000E+0002	 2.50050000000000E+0001	 6.48120000000000E-0003	-3.62399000000000E-0005	 5.89200000000000E+0000	 2.60760000000000E-0001	-4.29000000000000E+0001
 5.43078367222650E+0002	 5.85362962962963E+0002	 3.18863000000000E+0002	 1.80460000000000E+0001	 4.95356000000000E+0002	 2.50090000000000E+0001	 6.48120000000000E-0003	-3.62399000000000E-0005	 5.89200000000000E+0000	 2.21620000000000E-0001	-4.29000000000000E+0001
 5.44747443879040E+0002	 5.85362962962963E+0002	 3.18864000000000E+0002	 1.80460000000000E+0001	 4.95366000000000E+0002	 2.50090000000000E+0001	 6.48120000000000E-0003	-3.62399000000000E-0005	 5.89200000000000E+0000	 1.82480000000000E-0001	-4.29000000000000E+0001
 5.46400893689002E+0002	 5.85207407407407E+0002	 3.18622000000000E+0002	 1.80660000000000E+0001	 4.95249000000000E+0002	 2.50150000000000E+0001	 6.48120000000000E-0003	-3.81472000000000E-0005	 5.89200000000000E+0000	 1.43330000000000E-0001	-4.29000000000000E+0001
 5.48072915133069E+0002	 5.85362962962963E+0002	 3.18608000000000E+0002	 1.80690000000000E+0001	 4.95511000000000E+0002	 2.49990000000000E+0001	 6.48120000000000E-0003	-3.62399000000000E-0005	 5.89200000000000E+0000	 1.03810000000000E-0001	-4.29000000000000E+0001
 5.49748829530010E+0002	 5.85155555555556E+0002	 3.18604000000000E+0002	 1.80680000000000E+0001	 4.95715000000000E+0002	 2.49880000000000E+0001	 6.48120000000000E-0003	-3.62399000000000E-0005	 5.89200000000000E+0000	 6.46700000000000E-0002	-4.29000000000000E+0001
 5.51421832663090E+0002	 5.85259259259259E+0002	 3.18586000000000E+0002	 1.80690000000000E+0001	 4.95650000000000E+0002	 2.49920000000000E+0001	 6.48120000000000E-0003	-3.81472000000000E-0005	 5.89200000000000E+0000	 2.51400000000000E-0002	-4.29000000000000E+0001
