Data recorded as Sample1: B00KOD1A_MR_AB_
Osc Amp:  1.10000000000000E+0000	Osc Freq:  3.36600000000000E+0001	Phase:  0.00000000000000E+0000	Time Constant: 9	Conductance Ratio:  1.00000000000000E-0003	Current:  1.10000000000000E-0003
Time(s)	HeLevel(mm)	VTIRes(Ohms)	VTITemp(K)	ProbeRes(Ohms)	ProbeTemp(K)	X(V)	Y(V)	Resistance(Ohms)	Field(T)	Angle(°)
 2.68545303942261E-0001	 5.53837500000000E+0002	 3.18132000000000E+0002	 1.81080000000000E+0001	 4.95662000000000E+0002	 2.49910000000000E+0001	 6.48120000000000E-0003	-3.81472000000000E-0005	 5.89200000000000E+0000	-1.12900000000000E-0002	-4.29000000000000E+0001
 1.96986544379244E+0000	 5.53996875000000E+0002	 3.18122000000000E+0002	 1.81080000000000E+0001	 4.95357000000000E+0002	 2.50090000000000E+0001	 6.48120000000000E-0003	-3.62399000000000E-0005	 5.89200000000000E+0000	-5.15700000000000E-0002	-4.29000000000000E+0001
 3.65555482610220E+0000	 5.53943750000000E+0002	 3.18316000000000E+0002	 1.80920000000000E+0001	 4.95515000000000E+0002	 2.50000000000000E+0001	 6.48120000000000E-0003	-3.81472000000000E-0005	 5.89200000000000E+0000	-9.07100000000000E-0002	-4.29000000000000E+0001
 5.33634665858370E+0000	 5.53943750000000E+0002	 3.18225000000000E+0002	 1.80990000000000E+0001	 4.95606000000000E+0002	 2.49940000000000E+0001	 6.48120000000000E-0003	-3.81472000000000E-0005	 5.89200000000000E+0000	-1.30230000000000E-0001	-4.29000000000000E+0001
 7.01714687201865E+0000	 5.53731250000000E+0002	 3.18343000000000E+0002	 1.80900000000000E+0001	 4.95681000000000E+0002	 2.49900000000000E+0001	 6.48120000000000E-0003	-3.81472000000000E-0005	 5.89200000000000E+0000	-1.69750000000000E-0001	-4.29000000000000E+0001
 8.68623749666508E+0000	 5.53890625000000E+0002	 3.18189000000000E+0002	 1.81030000000000E+0001	 4.95447000000000E+0002	 2.50040000000000E+0001	 6.48120000000000E-0003	-3.62399000000000E-0005	 5.89200000000000E+0000	-2.08900000000000E-0001	-4.29000000000000E+0001
 1.03640976716314E+0001	 5.53943750000000E+0002	 3.18236000000000E+0002	 1.80970000000000E+0001	 4.95281000000000E+0002	 2.50150000000000E+0001	 6.48120000000000E-0003	-3.81472000000000E-0005	 5.89200000000000E+0000	-2.48420000000000E-0001	-4.29000000000000E+0001
 1.20380662905481E+0001	 5.53731250000000E+0002	 3.18191000000000E+0002	 1.81030000000000E+0001	 4.95258000000000E+0002	 2.50150000000000E+0001	 6.48120000000000E-0003	-3.62399000000000E-0005	 5.89200000000000E+0000	-2.87940000000000E-0001	-4.29000000000000E+0001
 1.37139837605058E+0001	 5.53890625000000E+0002	 3.18050000000000E+0002	 1.81140000000000E+0001	 4.95499000000000E+0002	 2.50010000000000E+0001	 6.48120000000000E-0003	-3.81472000000000E-0005	 5.89200000000000E+0000	-3.27460000000000E-0001	-4.29000000000000E+0001
 1.54016208763963E+0001	 5.53890625000000E+0002	 3.17992000000000E+0002	 1.81190000000000E+0001	 4.95656000000000E+0002	 2.49920000000000E+0001	 6.48120000000000E-0003	-3.81472000000000E-0005	 5.89200000000000E+0000	-3.67360000000000E-0001	-4.29000000000000E+0001
 1.70814435912944E+0001	 5.53943750000000E+0002	 3.18259000000000E+0002	 1.80960000000000E+0001	 4.95509000000000E+0002	 2.50000000000000E+0001	 6.48120000000000E-0003	-3.81472000000000E-0005	 5.89200000000000E+0000	-4.06880000000000E-0001	-4.29000000000000E+0001
 1.87651790939910E+0001	 5.53943750000000E+0002	 3.18108000000000E+0002	 1.81100000000000E+0001	 4.95590000000000E+0002	 2.49960000000000E+0001	 6.48120000000000E-0003	-3.81472000000000E-0005	 5.89200000000000E+0000	-4.46020000000000E-0001	-4.29000000000000E+0001
 2.04293746830952E+0001	 5.53943750000000E+0002	 3.18250000000000E+0002	 1.80980000000000E+0001	 4.95598000000000E+0002	 2.49950000000000E+0001	 6.48120000000000E-0003	-3.81472000000000E-0005	 5.89200000000000E+0000	-4.85160000000000E-0001	-4.29000000000000E+0001
 2.20994307935785E+0001	 5.53996875000000E+0002	 3.18076000000000E+0002	 1.81120000000000E+0001	 4.95511000000000E+0002	 2.50000000000000E+0001	 6.48120000000000E-0003	-3.81472000000000E-0005	 5.89200000000000E+0000	-5.23930000000000E-0001	-4.29000000000000E+0001
 2.37548342037885E+0001	 5.53996875000000E+0002	 3.18168000000000E+0002	 1.81050000000000E+0001	 4.95505000000000E+0002	 2.50010000000000E+0001	 6.48120000000000E-0003	-3.81472000000000E-0005	 5.89200000000000E+0000	-5.63450000000000E-0001	-4.29000000000000E+0001
 2.54239119776396E+0001	 5.54103125000000E+0002	 3.18106000000000E+0002	 1.81090000000000E+0001	 4.95396000000000E+0002	 2.50060000000000E+0001	 6.48120000000000E-0003	-3.81472000000000E-0005	 5.89200000000000E+0000	-6.02970000000000E-0001	-4.29000000000000E+0001
 2.71037436322214E+0001	 5.54050000000000E+0002	 3.18188000000000E+0002	 1.81030000000000E+0001	 4.95359000000000E+0002	 2.50090000000000E+0001	 6.48311000000000E-0003	-3.81472000000000E-0005	 5.89373636363636E+0000	-6.42120000000000E-0001	-4.29000000000000E+0001
 2.87747766825113E+0001	 5.83458333333333E+0002	 3.18259000000000E+0002	 1.80970000000000E+0001	 4.95373000000000E+0002	 2.50080000000000E+0001	 6.48120000000000E-0003	-3.62399000000000E-0005	 5.89200000000000E+0000	-6.81640000000000E-0001	-4.29000000000000E+0001
 3.04506908000877E+0001	 5.83541666666667E+0002	 3.18068000000000E+0002	 1.81130000000000E+0001	 4.95518000000000E+0002	 2.50000000000000E+0001	 6.48120000000000E-0003	-3.62399000000000E-0005	 5.89200000000000E+0000	-7.21160000000000E-0001	-4.29000000000000E+0001
 3.21275871654079E+0001	 5.83458333333333E+0002	 3.18061000000000E+0002	 1.81140000000000E+0001	 4.95589000000000E+0002	 2.49960000000000E+0001	 6.48120000000000E-0003	-3.81472000000000E-0005	 5.89200000000000E+0000	-7.60310000000000E-0001	-4.29000000000000E+0001
 3.38015524319432E+0001	 5.83583333333333E+0002	 3.18162000000000E+0002	 1.81050000000000E+0001	 4.95488000000000E+0002	 2.50020000000000E+0001	 6.48120000000000E-0003	-3.81472000000000E-0005	 5.89200000000000E+0000	-7.99830000000000E-0001	-4.29000000000000E+0001
 3.54667257989493E+0001	 5.83416666666667E+0002	 3.18283000000000E+0002	 1.80950000000000E+0001	 4.95772000000000E+0002	 2.49850000000000E+0001	 6.48120000000000E-0003	-3.81472000000000E-0005	 5.89200000000000E+0000	-8.38590000000000E-0001	-4.29000000000000E+0001
 3.71270192161294E+0001	 5.83500000000000E+0002	 3.18083000000000E+0002	 1.81120000000000E+0001	 4.95688000000000E+0002	 2.49900000000000E+0001	 6.48120000000000E-0003	-3.81472000000000E-0005	 5.89200000000000E+0000	-8.78110000000000E-0001	-4.29000000000000E+0001
 3.87941718849742E+0001	 5.83750000000000E+0002	 3.18223000000000E+0002	 1.81020000000000E+0001	 4.95523000000000E+0002	 2.49990000000000E+0001	 6.48120000000000E-0003	-3.81472000000000E-0005	 5.89200000000000E+0000	-9.17260000000000E-0001	-4.29000000000000E+0001
 4.04720354123220E+0001	 5.83500000000000E+0002	 3.18225000000000E+0002	 1.81000000000000E+0001	 4.95434000000000E+0002	 2.50050000000000E+0001	 6.48120000000000E-0003	-3.62399000000000E-0005	 5.89200000000000E+0000	-9.56780000000000E-0001	-4.29000000000000E+0001
 4.21469739869173E+0001	 5.83666666666667E+0002	 3.18250000000000E+0002	 1.80980000000000E+0001	 4.95355000000000E+0002	 2.50090000000000E+0001	 6.48120000000000E-0003	-3.62399000000000E-0005	 5.89200000000000E+0000	-9.96300000000000E-0001	-4.29000000000000E+0001
 4.38209280788480E+0001	 5.83333333333333E+0002	 3.18114000000000E+0002	 1.81080000000000E+0001	 4.95445000000000E+0002	 2.50040000000000E+0001	 6.48120000000000E-0003	-3.81472000000000E-0005	 5.89200000000000E+0000	-1.03544000000000E+0000	-4.29000000000000E+0001
 4.55105274553051E+0001	 5.83500000000000E+0002	 3.18215000000000E+0002	 1.81010000000000E+0001	 4.95316000000000E+0002	 2.50120000000000E+0001	 6.48120000000000E-0003	-3.81472000000000E-0005	 5.89200000000000E+0000	-1.07496000000000E+0000	-4.29000000000000E+0001
 4.71659199702756E+0001	 5.83458333333333E+0002	 3.18014000000000E+0002	 1.81180000000000E+0001	 4.95600000000000E+0002	 2.49950000000000E+0001	 6.48120000000000E-0003	-3.81472000000000E-0005	 5.89200000000000E+0000	-1.11411000000000E+0000	-4.29000000000000E+0001
 4.88428082340074E+0001	 5.83416666666667E+0002	 3.18104000000000E+0002	 1.81080000000000E+0001	 4.95547000000000E+0002	 2.49980000000000E+0001	 6.48120000000000E-0003	-3.81472000000000E-0005	 5.89200000000000E+0000	-1.15363000000000E+0000	-4.29000000000000E+0001
 5.05167743386380E+0001	 5.83541666666667E+0002	 3.18039000000000E+0002	 1.81150000000000E+0001	 4.95643000000000E+0002	 2.49920000000000E+0001	 6.48120000000000E-0003	-3.81472000000000E-0005	 5.89200000000000E+0000	-1.19315000000000E+0000	-4.29000000000000E+0001
 5.21917145894241E+0001	 5.83375000000000E+0002	 3.18087000000000E+0002	 1.81110000000000E+0001	 4.95525000000000E+0002	 2.49990000000000E+0001	 6.48120000000000E-0003	-3.81472000000000E-0005	 5.89200000000000E+0000	-1.23230000000000E+0000	-4.29000000000000E+0001
 5.38695831453439E+0001	 5.83375000000000E+0002	 3.18197000000000E+0002	 1.81030000000000E+0001	 4.95474000000000E+0002	 2.50010000000000E+0001	 6.48120000000000E-0003	-3.81472000000000E-0005	 5.89200000000000E+0000	-1.27182000000000E+0000	-4.29000000000000E+0001
 5.55455078787947E+0001	 5.83500000000000E+0002	 3.18190000000000E+0002	 1.81030000000000E+0001	 4.95528000000000E+0002	 2.49990000000000E+0001	 6.48120000000000E-0003	-3.62399000000000E-0005	 5.89200000000000E+0000	-1.31134000000000E+0000	-4.29000000000000E+0001
 5.72223967012567E+0001	 5.83458333333333E+0002	 3.18216000000000E+0002	 1.81000000000000E+0001	 4.95424000000000E+0002	 2.50050000000000E+0001	 6.48120000000000E-0003	-3.81472000000000E-0005	 5.89200000000000E+0000	-1.35086000000000E+0000	-4.29000000000000E+0001
 5.88924547672958E+0001	 5.83500000000000E+0002	 3.18396000000000E+0002	 1.80870000000000E+0001	 4.95357000000000E+0002	 2.50090000000000E+0001	 6.48120000000000E-0003	-3.81472000000000E-0005	 5.89200000000000E+0000	-1.39000000000000E+0000	-4.29000000000000E+0001
 6.05673950180819E+0001	 5.83333333333333E+0002	 3.18280000000000E+0002	 1.80950000000000E+0001	 4.95410000000000E+0002	 2.50060000000000E+0001	 6.48120000000000E-0003	-3.81472000000000E-0005	 5.89200000000000E+0000	-1.42952000000000E+0000	-4.29000000000000E+0001
 6.22394240050062E+0001	 5.83500000000000E+0002	 3.18170000000000E+0002	 1.81040000000000E+0001	 4.95349000000000E+0002	 2.50100000000000E+0001	 6.48120000000000E-0003	-3.62399000000000E-0005	 5.89200000000000E+0000	-1.46867000000000E+0000	-4.29000000000000E+0001
 6.39104436457706E+0001	 5.83375000000000E+0002	 3.18308000000000E+0002	 1.80930000000000E+0001	 4.95394000000000E+0002	 2.50070000000000E+0001	 6.48120000000000E-0003	-3.62399000000000E-0005	 5.89200000000000E+0000	-1.50743000000000E+0000	-4.29000000000000E+0001
 6.55726898251035E+0001	 5.83416666666667E+0002	 3.18347000000000E+0002	 1.80890000000000E+0001	 4.95701000000000E+0002	 2.49890000000000E+0001	 6.48120000000000E-0003	-3.62399000000000E-0005	 5.89200000000000E+0000	-1.54696000000000E+0000	-4.29000000000000E+0001
 6.72417748624476E+0001	 5.83500000000000E+0002	 3.18617000000000E+0002	 1.80670000000000E+0001	 4.95692000000000E+0002	 2.49910000000000E+0001	 6.48120000000000E-0003	-3.81472000000000E-0005	 5.89200000000000E+0000	-1.58648000000000E+0000	-4.29000000000000E+0001
 6.89118343253123E+0001	 5.83583333333333E+0002	 3.18314000000000E+0002	 1.80920000000000E+0001	 4.95511000000000E+0002	 2.50000000000000E+0001	 6.48120000000000E-0003	-3.81472000000000E-0005	 5.89200000000000E+0000	-1.62562000000000E+0000	-4.29000000000000E+0001
 7.05818890389700E+0001	 5.83583333333333E+0002	 3.18393000000000E+0002	 1.80860000000000E+0001	 4.95491000000000E+0002	 2.50010000000000E+0001	 6.48120000000000E-0003	-3.81472000000000E-0005	 5.89200000000000E+0000	-1.66514000000000E+0000	-4.29000000000000E+0001
 7.22558492769332E+0001	 5.83250000000000E+0002	 3.18422000000000E+0002	 1.80820000000000E+0001	 4.95532000000000E+0002	 2.49990000000000E+0001	 6.48120000000000E-0003	-3.81472000000000E-0005	 5.89200000000000E+0000	-1.70466000000000E+0000	-4.29000000000000E+0001
 7.39376322968422E+0001	 5.83375000000000E+0002	 3.18742000000000E+0002	 1.80560000000000E+0001	 4.95583000000000E+0002	 2.49960000000000E+0001	 6.48120000000000E-0003	-3.62399000000000E-0005	 5.89200000000000E+0000	-1.74381000000000E+0000	-4.29000000000000E+0001
 7.56086673026879E+0001	 5.83416666666667E+0002	 3.18532000000000E+0002	 1.80740000000000E+0001	 4.95378000000000E+0002	 2.50080000000000E+0001	 6.48120000000000E-0003	-3.62399000000000E-0005	 5.89200000000000E+0000	-1.78333000000000E+0000	-4.29000000000000E+0001
 7.72845783472480E+0001	 5.83541666666667E+0002	 3.18618000000000E+0002	 1.80650000000000E+0001	 4.95693000000000E+0002	 2.49910000000000E+0001	 6.48120000000000E-0003	-3.62399000000000E-0005	 5.89200000000000E+0000	-1.82247000000000E+0000	-4.29000000000000E+0001
 7.89595194361295E+0001	 5.83208333333333E+0002	 3.18645000000000E+0002	 1.80640000000000E+0001	 4.95337000000000E+0002	 2.50100000000000E+0001	 6.48120000000000E-0003	-3.81472000000000E-0005	 5.89200000000000E+0000	-1.86199000000000E+0000	-4.29000000000000E+0001
 8.06305795848355E+0001	 5.83541666666667E+0002	 3.18788000000000E+0002	 1.80520000000000E+0001	 4.95481000000000E+0002	 2.50020000000000E+0001	 6.48120000000000E-0003	-3.81472000000000E-0005	 5.89200000000000E+0000	-1.90151000000000E+0000	-4.29000000000000E+0001
 8.23094063630992E+0001	 5.83291666666667E+0002	 3.18667000000000E+0002	 1.80610000000000E+0001	 4.95660000000000E+0002	 2.49920000000000E+0001	 6.48120000000000E-0003	-3.81472000000000E-0005	 5.89200000000000E+0000	-1.94104000000000E+0000	-4.29000000000000E+0001
 8.39862951855613E+0001	 5.83625000000000E+0002	 3.18926000000000E+0002	 1.80410000000000E+0001	 4.95515000000000E+0002	 2.50000000000000E+0001	 6.48120000000000E-0003	-3.81472000000000E-0005	 5.89200000000000E+0000	-1.98018000000000E+0000	-4.29000000000000E+0001
 8.56544099878616E+0001	 5.83166666666667E+0002	 3.18782000000000E+0002	 1.80530000000000E+0001	 4.95320000000000E+0002	 2.50110000000000E+0001	 6.48120000000000E-0003	-3.62399000000000E-0005	 5.89200000000000E+0000	-2.01970000000000E+0000	-4.29000000000000E+0001
 8.73391076240137E+0001	 5.83583333333333E+0002	 3.18767000000000E+0002	 1.80550000000000E+0001	 4.95421000000000E+0002	 2.50030000000000E+0001	 6.48120000000000E-0003	-3.81472000000000E-0005	 5.89200000000000E+0000	-2.05922000000000E+0000	-4.29000000000000E+0001
 8.90101457028756E+0001	 5.82958333333333E+0002	 3.18888000000000E+0002	 1.80440000000000E+0001	 4.95649000000000E+0002	 2.49920000000000E+0001	 6.48120000000000E-0003	-3.81472000000000E-0005	 5.89200000000000E+0000	-2.09836000000000E+0000	-4.29000000000000E+0001
 9.06811837817376E+0001	 5.82708333333333E+0002	 3.18818000000000E+0002	 1.80500000000000E+0001	 4.95620000000000E+0002	 2.49940000000000E+0001	 6.48120000000000E-0003	-3.81472000000000E-0005	 5.89200000000000E+0000	-2.13789000000000E+0000	-4.29000000000000E+0001
 9.23551440197008E+0001	 5.82875000000000E+0002	 3.18846000000000E+0002	 1.80470000000000E+0001	 4.95540000000000E+0002	 2.49980000000000E+0001	 6.48120000000000E-0003	-3.81472000000000E-0005	 5.89200000000000E+0000	-2.17665000000000E+0000	-4.29000000000000E+0001
 9.40046883053572E+0001	 5.82916666666667E+0002	 3.18935000000000E+0002	 1.80400000000000E+0001	 4.95436000000000E+0002	 2.50050000000000E+0001	 6.48120000000000E-0003	-3.62399000000000E-0005	 5.89200000000000E+0000	-2.21580000000000E+0000	-4.29000000000000E+0001
 9.56737786506386E+0001	 5.82708333333333E+0002	 3.18932000000000E+0002	 1.80400000000000E+0001	 4.95451000000000E+0002	 2.50040000000000E+0001	 6.48120000000000E-0003	-3.81472000000000E-0005	 5.89200000000000E+0000	-2.25532000000000E+0000	-4.29000000000000E+0001
 9.73506621651635E+0001	 5.82791666666667E+0002	 3.19025000000000E+0002	 1.80320000000000E+0001	 4.95484000000000E+0002	 2.50020000000000E+0001	 6.48120000000000E-0003	-3.81472000000000E-0005	 5.89200000000000E+0000	-2.29484000000000E+0000	-4.29000000000000E+0001
 9.90275627209603E+0001	 5.82875000000000E+0002	 3.18979000000000E+0002	 1.80360000000000E+0001	 4.95479000000000E+0002	 2.50020000000000E+0001	 6.47929000000000E-0003	-3.81472000000000E-0005	 5.89026363636364E+0000	-2.33398000000000E+0000	-4.29000000000000E+0001
 1.00703484102029E+0002	 5.82833333333333E+0002	 3.18964000000000E+0002	 1.80370000000000E+0001	 4.95660000000000E+0002	 2.49930000000000E+0001	 6.47929000000000E-0003	-3.81472000000000E-0005	 5.89026363636364E+0000	-2.37350000000000E+0000	-4.29000000000000E+0001
 1.02377442105072E+0002	 5.83000000000000E+0002	 3.19093000000000E+0002	 1.80270000000000E+0001	 4.95510000000000E+0002	 2.50000000000000E+0001	 6.48120000000000E-0003	-3.81472000000000E-0005	 5.89200000000000E+0000	-2.41265000000000E+0000	-4.29000000000000E+0001
 1.04048476552187E+0002	 5.82875000000000E+0002	 3.19082000000000E+0002	 1.80280000000000E+0001	 4.95586000000000E+0002	 2.49960000000000E+0001	 6.47929000000000E-0003	-3.81472000000000E-0005	 5.89026363636364E+0000	-2.45217000000000E+0000	-4.29000000000000E+0001
 1.05723415964878E+0002	 5.82875000000000E+0002	 3.19182000000000E+0002	 1.80190000000000E+0001	 4.95714000000000E+0002	 2.49880000000000E+0001	 6.47929000000000E-0003	-3.81472000000000E-0005	 5.89026363636364E+0000	-2.49094000000000E+0000	-4.29000000000000E+0001
 1.07373940822087E+0002	 5.82833333333333E+0002	 3.19104000000000E+0002	 1.80260000000000E+0001	 4.95404000000000E+0002	 2.50060000000000E+0001	 6.47929000000000E-0003	-3.81472000000000E-0005	 5.89026363636364E+0000	-2.53046000000000E+0000	-4.29000000000000E+0001
 1.09058644045542E+0002	 5.82958333333333E+0002	 3.19115000000000E+0002	 1.80250000000000E+0001	 4.95391000000000E+0002	 2.50050000000000E+0001	 6.47929000000000E-0003	-3.62399000000000E-0005	 5.89026363636364E+0000	-2.56998000000000E+0000	-4.29000000000000E+0001
 1.10729687152976E+0002	 5.82833333333333E+0002	 3.19177000000000E+0002	 1.80200000000000E+0001	 4.95607000000000E+0002	 2.49950000000000E+0001	 6.47929000000000E-0003	-3.81472000000000E-0005	 5.89026363636364E+0000	-2.60912000000000E+0000	-4.29000000000000E+0001
 1.12398759339525E+0002	 5.82833333333333E+0002	 3.19051000000000E+0002	 1.80300000000000E+0001	 4.95438000000000E+0002	 2.50040000000000E+0001	 6.48120000000000E-0003	-3.81472000000000E-0005	 5.89200000000000E+0000	-2.64864000000000E+0000	-4.29000000000000E+0001
 1.14072737177490E+0002	 5.82875000000000E+0002	 3.19217000000000E+0002	 1.80160000000000E+0001	 4.95268000000000E+0002	 2.50110000000000E+0001	 6.48120000000000E-0003	-3.81472000000000E-0005	 5.89200000000000E+0000	-2.68779000000000E+0000	-4.29000000000000E+0001
 1.15756461505582E+0002	 5.82916666666667E+0002	 3.19362000000000E+0002	 1.80040000000000E+0001	 4.95541000000000E+0002	 2.49980000000000E+0001	 6.47929000000000E-0003	-3.81472000000000E-0005	 5.89026363636364E+0000	-2.72731000000000E+0000	-4.29000000000000E+0001
 1.17418705449994E+0002	 5.82916666666667E+0002	 3.19055000000000E+0002	 1.80300000000000E+0001	 4.95715000000000E+0002	 2.49880000000000E+0001	 6.47929000000000E-0003	-3.81472000000000E-0005	 5.89026363636364E+0000	-2.76683000000000E+0000	-4.29000000000000E+0001
 1.19094624316777E+0002	 5.82750000000000E+0002	 3.19153000000000E+0002	 1.80230000000000E+0001	 4.95507000000000E+0002	 2.49990000000000E+0001	 6.48120000000000E-0003	-3.81472000000000E-0005	 5.89200000000000E+0000	-2.80597000000000E+0000	-4.29000000000000E+0001
 1.20771515374160E+0002	 5.83041666666667E+0002	 3.19199000000000E+0002	 1.80180000000000E+0001	 4.95457000000000E+0002	 2.50030000000000E+0001	 6.47929000000000E-0003	-3.62399000000000E-0005	 5.89026363636364E+0000	-2.84549000000000E+0000	-4.29000000000000E+0001
 1.22438643738240E+0002	 5.82958333333333E+0002	 3.19366000000000E+0002	 1.80040000000000E+0001	 4.95440000000000E+0002	 2.50040000000000E+0001	 6.48120000000000E-0003	-3.62399000000000E-0005	 5.89200000000000E+0000	-2.88502000000000E+0000	-4.29000000000000E+0001
 1.24118468688059E+0002	 5.82875000000000E+0002	 3.19348000000000E+0002	 1.80050000000000E+0001	 4.95428000000000E+0002	 2.50050000000000E+0001	 6.48120000000000E-0003	-3.81472000000000E-0005	 5.89200000000000E+0000	-2.92378000000000E+0000	-4.29000000000000E+0001
 1.25763136096906E+0002	 5.82750000000000E+0002	 3.19275000000000E+0002	 1.80110000000000E+0001	 4.95511000000000E+0002	 2.50000000000000E+0001	 6.47929000000000E-0003	-3.81472000000000E-0005	 5.89026363636364E+0000	-2.96293000000000E+0000	-4.29000000000000E+0001
 1.27442957414978E+0002	 5.83083333333333E+0002	 3.19422000000000E+0002	 1.79980000000000E+0001	 4.95698000000000E+0002	 2.49890000000000E+0001	 6.47929000000000E-0003	-3.81472000000000E-0005	 5.89026363636364E+0000	-3.00245000000000E+0000	-4.29000000000000E+0001
 1.29122780129877E+0002	 5.82875000000000E+0002	 3.19604000000000E+0002	 1.79840000000000E+0001	 4.95701000000000E+0002	 2.49890000000000E+0001	 6.47929000000000E-0003	-3.81472000000000E-0005	 5.89026363636364E+0000	-3.04197000000000E+0000	-4.29000000000000E+0001
 1.30791904557702E+0002	 5.82791666666667E+0002	 3.19423000000000E+0002	 1.79990000000000E+0001	 4.95575000000000E+0002	 2.49960000000000E+0001	 6.47929000000000E-0003	-3.62399000000000E-0005	 5.89026363636364E+0000	-3.08112000000000E+0000	-4.29000000000000E+0001
 1.32468755386509E+0002	 5.82750000000000E+0002	 3.19575000000000E+0002	 1.79840000000000E+0001	 4.95633000000000E+0002	 2.49940000000000E+0001	 6.47929000000000E-0003	-3.62399000000000E-0005	 5.89026363636364E+0000	-3.12064000000000E+0000	-4.29000000000000E+0001
 1.34140766214700E+0002	 5.83041666666667E+0002	 3.19525000000000E+0002	 1.79900000000000E+0001	 4.95384000000000E+0002	 2.50080000000000E+0001	 6.48120000000000E-0003	-3.81472000000000E-0005	 5.89200000000000E+0000	-3.16016000000000E+0000	-4.29000000000000E+0001
 1.35818636446811E+0002	 5.82750000000000E+0002	 3.19447000000000E+0002	 1.79970000000000E+0001	 4.95531000000000E+0002	 2.49990000000000E+0001	 6.48120000000000E-0003	-3.81472000000000E-0005	 5.89200000000000E+0000	-3.19930000000000E+0000	-4.29000000000000E+0001
 1.37490649230559E+0002	 5.82791666666667E+0002	 3.19582000000000E+0002	 1.79850000000000E+0001	 4.95335000000000E+0002	 2.50120000000000E+0001	 6.48120000000000E-0003	-3.81472000000000E-0005	 5.89200000000000E+0000	-3.23882000000000E+0000	-4.29000000000000E+0001
 1.39163631969985E+0002	 5.82875000000000E+0002	 3.19504000000000E+0002	 1.79920000000000E+0001	 4.95321000000000E+0002	 2.50110000000000E+0001	 6.48120000000000E-0003	-3.81472000000000E-0005	 5.89200000000000E+0000	-3.27797000000000E+0000	-4.29000000000000E+0001
 1.40836628118937E+0002	 5.82875000000000E+0002	 3.19631000000000E+0002	 1.79810000000000E+0001	 4.95593000000000E+0002	 2.49950000000000E+0001	 6.47929000000000E-0003	-3.81472000000000E-0005	 5.89026363636364E+0000	-3.31749000000000E+0000	-4.29000000000000E+0001
 1.42508633639192E+0002	 5.83041666666667E+0002	 3.19629000000000E+0002	 1.79810000000000E+0001	 4.95712000000000E+0002	 2.49890000000000E+0001	 6.47929000000000E-0003	-3.81472000000000E-0005	 5.89026363636364E+0000	-3.35625000000000E+0000	-4.29000000000000E+0001
 1.44163068211183E+0002	 5.82875000000000E+0002	 3.19719000000000E+0002	 1.79740000000000E+0001	 4.95760000000000E+0002	 2.49860000000000E+0001	 6.47929000000000E-0003	-3.81472000000000E-0005	 5.89026363636364E+0000	-3.39577000000000E+0000	-4.29000000000000E+0001
 1.45835076525089E+0002	 5.82833333333333E+0002	 3.19637000000000E+0002	 1.79810000000000E+0001	 4.95679000000000E+0002	 2.49900000000000E+0001	 6.47929000000000E-0003	-3.81472000000000E-0005	 5.89026363636364E+0000	-3.43492000000000E+0000	-4.29000000000000E+0001
 1.47525641666748E+0002	 5.82875000000000E+0002	 3.19869000000000E+0002	 1.79610000000000E+0001	 4.95506000000000E+0002	 2.50000000000000E+0001	 6.47929000000000E-0003	-3.62399000000000E-0005	 5.89026363636364E+0000	-3.47444000000000E+0000	-4.29000000000000E+0001
 1.49182041292958E+0002	 5.75500000000000E+0002	 3.19650000000000E+0002	 1.79800000000000E+0001	 4.95460000000000E+0002	 2.50030000000000E+0001	 6.47929000000000E-0003	-3.81472000000000E-0005	 5.89026363636364E+0000	-3.51396000000000E+0000	-4.29000000000000E+0001
 1.50862828934962E+0002	 5.74564516129032E+0002	 3.19729000000000E+0002	 1.79740000000000E+0001	 4.95527000000000E+0002	 2.50000000000000E+0001	 6.47929000000000E-0003	-3.81472000000000E-0005	 5.89026363636364E+0000	-3.55311000000000E+0000	-4.29000000000000E+0001
 1.52534840321884E+0002	 5.74419354838710E+0002	 3.19727000000000E+0002	 1.79730000000000E+0001	 4.95611000000000E+0002	 2.49940000000000E+0001	 6.47929000000000E-0003	-3.81472000000000E-0005	 5.89026363636364E+0000	-3.59263000000000E+0000	-4.29000000000000E+0001
 1.54207831162899E+0002	 5.74516129032258E+0002	 3.19702000000000E+0002	 1.79750000000000E+0001	 4.95470000000000E+0002	 2.50030000000000E+0001	 6.48120000000000E-0003	-3.81472000000000E-0005	 5.89200000000000E+0000	-3.63177000000000E+0000	-4.29000000000000E+0001
 1.55876908378020E+0002	 5.74322580645161E+0002	 3.19788000000000E+0002	 1.79680000000000E+0001	 4.95550000000000E+0002	 2.50000000000000E+0001	 6.47929000000000E-0003	-3.81472000000000E-0005	 5.89026363636364E+0000	-3.67129000000000E+0000	-4.29000000000000E+0001
 1.57558689721738E+0002	 5.74419354838710E+0002	 3.19720000000000E+0002	 1.79740000000000E+0001	 4.95357000000000E+0002	 2.50090000000000E+0001	 6.48120000000000E-0003	-3.81472000000000E-0005	 5.89200000000000E+0000	-3.71081000000000E+0000	-4.29000000000000E+0001
 1.59231675813546E+0002	 5.74225806451613E+0002	 3.19822000000000E+0002	 1.79650000000000E+0001	 4.95405000000000E+0002	 2.50060000000000E+0001	 6.48120000000000E-0003	-3.81472000000000E-0005	 5.89200000000000E+0000	-3.74996000000000E+0000	-4.29000000000000E+0001
 1.60898796355403E+0002	 5.74322580645161E+0002	 3.19801000000000E+0002	 1.79670000000000E+0001	 4.95708000000000E+0002	 2.49890000000000E+0001	 6.47929000000000E-0003	-3.81472000000000E-0005	 5.89026363636364E+0000	-3.78872000000000E+0000	-4.29000000000000E+0001
 1.62552277733623E+0002	 5.74467741935484E+0002	 3.19885000000000E+0002	 1.79600000000000E+0001	 4.95641000000000E+0002	 2.49930000000000E+0001	 6.48120000000000E-0003	-3.81472000000000E-0005	 5.89200000000000E+0000	-3.82824000000000E+0000	-4.29000000000000E+0001
 1.64224270123717E+0002	 5.74516129032258E+0002	 3.19978000000000E+0002	 1.79510000000000E+0001	 4.95579000000000E+0002	 2.49940000000000E+0001	 6.47929000000000E-0003	-3.62399000000000E-0005	 5.89026363636364E+0000	-3.86777000000000E+0000	-4.29000000000000E+0001
 1.65901157269988E+0002	 5.74516129032258E+0002	 3.19852000000000E+0002	 1.79630000000000E+0001	 4.95538000000000E+0002	 2.49990000000000E+0001	 6.48120000000000E-0003	-3.81472000000000E-0005	 5.89200000000000E+0000	-3.90691000000000E+0000	-4.29000000000000E+0001
 1.67570242027967E+0002	 5.74274193548387E+0002	 3.19952000000000E+0002	 1.79540000000000E+0001	 4.95363000000000E+0002	 2.50090000000000E+0001	 6.47929000000000E-0003	-3.81472000000000E-0005	 5.89026363636364E+0000	-3.94643000000000E+0000	-4.29000000000000E+0001
 1.69241277313178E+0002	 5.74467741935484E+0002	 3.19867000000000E+0002	 1.79610000000000E+0001	 4.95426000000000E+0002	 2.50050000000000E+0001	 6.48120000000000E-0003	-3.81472000000000E-0005	 5.89200000000000E+0000	-3.98520000000000E+0000	-4.29000000000000E+0001
 1.70895707974058E+0002	 5.74564516129032E+0002	 3.20151000000000E+0002	 1.79370000000000E+0001	 4.95496000000000E+0002	 2.50010000000000E+0001	 6.47929000000000E-0003	-3.81472000000000E-0005	 5.89026363636364E+0000	-4.02472000000000E+0000	-4.29000000000000E+0001
 1.72581387857954E+0002	 5.74322580645161E+0002	 3.19999000000000E+0002	 1.79500000000000E+0001	 4.95760000000000E+0002	 2.49860000000000E+0001	 6.47929000000000E-0003	-3.81472000000000E-0005	 5.89026363636364E+0000	-4.06386000000000E+0000	-4.29000000000000E+0001
 1.74245590989916E+0002	 5.74370967741935E+0002	 3.20249000000000E+0002	 1.79290000000000E+0001	 4.95815000000000E+0002	 2.49830000000000E+0001	 6.48120000000000E-0003	-3.81472000000000E-0005	 5.89200000000000E+0000	-4.10339000000000E+0000	-4.29000000000000E+0001
 1.75920524815305E+0002	 5.74322580645161E+0002	 3.20189000000000E+0002	 1.79340000000000E+0001	 4.95800000000000E+0002	 2.49830000000000E+0001	 6.47929000000000E-0003	-3.62399000000000E-0005	 5.89026363636364E+0000	-4.14253000000000E+0000	-4.29000000000000E+0001
 1.77592537878418E+0002	 5.74370967741935E+0002	 3.20109000000000E+0002	 1.79410000000000E+0001	 4.95458000000000E+0002	 2.50020000000000E+0001	 6.48120000000000E-0003	-3.81472000000000E-0005	 5.89200000000000E+0000	-4.18205000000000E+0000	-4.29000000000000E+0001
 1.79265528998797E+0002	 5.74564516129032E+0002	 3.20301000000000E+0002	 1.79250000000000E+0001	 4.95379000000000E+0002	 2.50080000000000E+0001	 6.47929000000000E-0003	-3.62399000000000E-0005	 5.89026363636364E+0000	-4.22157000000000E+0000	-4.29000000000000E+0001
 1.80945352272426E+0002	 5.74564516129032E+0002	 3.20208000000000E+0002	 1.79330000000000E+0001	 4.95169000000000E+0002	 2.50200000000000E+0001	 6.48120000000000E-0003	-3.81472000000000E-0005	 5.89200000000000E+0000	-4.26109000000000E+0000	-4.29000000000000E+0001
 1.82616388116367E+0002	 5.74322580645161E+0002	 3.20278000000000E+0002	 1.79280000000000E+0001	 4.95302000000000E+0002	 2.50120000000000E+0001	 6.48120000000000E-0003	-3.81472000000000E-0005	 5.89200000000000E+0000	-4.30024000000000E+0000	-4.29000000000000E+0001
 1.84289376443095E+0002	 5.74370967741935E+0002	 3.19923000000000E+0002	 1.79570000000000E+0001	 4.95571000000000E+0002	 2.49970000000000E+0001	 6.48120000000000E-0003	-3.81472000000000E-0005	 5.89200000000000E+0000	-4.33976000000000E+0000	-4.29000000000000E+0001
 1.85965286928925E+0002	 5.74419354838710E+0002	 3.20149000000000E+0002	 1.79380000000000E+0001	 4.95790000000000E+0002	 2.49840000000000E+0001	 6.47929000000000E-0003	-3.81472000000000E-0005	 5.89026363636364E+0000	-4.37890000000000E+0000	-4.29000000000000E+0001
 1.87636347636362E+0002	 5.74516129032258E+0002	 3.20295000000000E+0002	 1.79250000000000E+0001	 4.95696000000000E+0002	 2.49890000000000E+0001	 6.47929000000000E-0003	-3.81472000000000E-0005	 5.89026363636364E+0000	-4.41767000000000E+0000	-4.29000000000000E+0001
 1.89287827363534E+0002	 5.74322580645161E+0002	 3.20180000000000E+0002	 1.79350000000000E+0001	 4.95320000000000E+0002	 2.50110000000000E+0001	 6.47929000000000E-0003	-3.81472000000000E-0005	 5.89026363636364E+0000	-4.45719000000000E+0000	-4.29000000000000E+0001
 1.90963744554126E+0002	 5.74419354838710E+0002	 3.20462000000000E+0002	 1.79130000000000E+0001	 4.95431000000000E+0002	 2.50050000000000E+0001	 6.47929000000000E-0003	-3.62399000000000E-0005	 5.89026363636364E+0000	-4.49633000000000E+0000	-4.29000000000000E+0001
 1.92630896943606E+0002	 5.74322580645161E+0002	 3.20280000000000E+0002	 1.79270000000000E+0001	 4.95573000000000E+0002	 2.49970000000000E+0001	 6.47929000000000E-0003	-3.81472000000000E-0005	 5.89026363636364E+0000	-4.53585000000000E+0000	-4.29000000000000E+0001
 1.94305811772167E+0002	 5.74564516129032E+0002	 3.20449000000000E+0002	 1.79120000000000E+0001	 4.95736000000000E+0002	 2.49870000000000E+0001	 6.47929000000000E-0003	-3.81472000000000E-0005	 5.89026363636364E+0000	-4.57500000000000E+0000	-4.29000000000000E+0001
 1.95978800657625E+0002	 5.74467741935484E+0002	 3.20455000000000E+0002	 1.79120000000000E+0001	 4.95729000000000E+0002	 2.49880000000000E+0001	 6.47929000000000E-0003	-3.62399000000000E-0005	 5.89026363636364E+0000	-4.61414000000000E+0000	-4.29000000000000E+0001
 1.97632272816797E+0002	 5.74467741935484E+0002	 3.20345000000000E+0002	 1.79210000000000E+0001	 4.95590000000000E+0002	 2.49960000000000E+0001	 6.47929000000000E-0003	-3.81472000000000E-0005	 5.89026363636364E+0000	-4.65329000000000E+0000	-4.29000000000000E+0001
 1.99302311047913E+0002	 5.74322580645161E+0002	 3.20354000000000E+0002	 1.79200000000000E+0001	 4.95617000000000E+0002	 2.49950000000000E+0001	 6.47929000000000E-0003	-3.62399000000000E-0005	 5.89026363636364E+0000	-4.69281000000000E+0000	-4.29000000000000E+0001
 2.00975297698451E+0002	 5.74274193548387E+0002	 3.20449000000000E+0002	 1.79120000000000E+0001	 4.95577000000000E+0002	 2.49960000000000E+0001	 6.48120000000000E-0003	-3.81472000000000E-0005	 5.89200000000000E+0000	-4.73195000000000E+0000	-4.29000000000000E+0001
 2.02646339409059E+0002	 5.74322580645161E+0002	 3.20548000000000E+0002	 1.79040000000000E+0001	 4.95585000000000E+0002	 2.49960000000000E+0001	 6.47929000000000E-0003	-3.81472000000000E-0005	 5.89026363636364E+0000	-4.77147000000000E+0000	-4.29000000000000E+0001
 2.04317367151412E+0002	 5.74467741935484E+0002	 3.20599000000000E+0002	 1.79000000000000E+0001	 4.95328000000000E+0002	 2.50110000000000E+0001	 6.47929000000000E-0003	-3.62399000000000E-0005	 5.89026363636364E+0000	-4.81024000000000E+0000	-4.29000000000000E+0001
 2.05969838624741E+0002	 5.74370967741935E+0002	 3.20544000000000E+0002	 1.79040000000000E+0001	 4.95428000000000E+0002	 2.50050000000000E+0001	 6.48120000000000E-0003	-3.81472000000000E-0005	 5.89200000000000E+0000	-4.84939000000000E+0000	-4.29000000000000E+0001
 2.07635042721910E+0002	 5.74516129032258E+0002	 3.20323000000000E+0002	 1.79230000000000E+0001	 4.95469000000000E+0002	 2.50030000000000E+0001	 6.47929000000000E-0003	-3.81472000000000E-0005	 5.89026363636364E+0000	-4.88815000000000E+0000	-4.29000000000000E+0001
 2.09286521610987E+0002	 5.74419354838710E+0002	 3.20544000000000E+0002	 1.79040000000000E+0001	 4.95548000000000E+0002	 2.49980000000000E+0001	 6.48120000000000E-0003	-3.81472000000000E-0005	 5.89200000000000E+0000	-4.92730000000000E+0000	-4.29000000000000E+0001
 2.10954620768841E+0002	 5.77208333333333E+0002	 3.20541000000000E+0002	 1.79050000000000E+0001	 4.95625000000000E+0002	 2.49940000000000E+0001	 6.47929000000000E-0003	-3.81472000000000E-0005	 5.89026363636364E+0000	-4.96607000000000E+0000	-4.29000000000000E+0001
 2.12604173156085E+0002	 5.77083333333333E+0002	 3.20458000000000E+0002	 1.79120000000000E+0001	 4.95685000000000E+0002	 2.49900000000000E+0001	 6.47929000000000E-0003	-3.81472000000000E-0005	 5.89026363636364E+0000	-5.00559000000000E+0000	-4.29000000000000E+0001
 2.14288875541445E+0002	 5.77083333333333E+0002	 3.20607000000000E+0002	 1.78990000000000E+0001	 4.95647000000000E+0002	 2.49910000000000E+0001	 6.47929000000000E-0003	-3.81472000000000E-0005	 5.89026363636364E+0000	-5.04511000000000E+0000	-4.29000000000000E+0001
 2.15956008096001E+0002	 5.77083333333333E+0002	 3.20539000000000E+0002	 1.79050000000000E+0001	 4.95516000000000E+0002	 2.50000000000000E+0001	 6.47929000000000E-0003	-3.81472000000000E-0005	 5.89026363636364E+0000	-5.08463000000000E+0000	-4.29000000000000E+0001
 2.17633905147163E+0002	 5.76958333333333E+0002	 3.20638000000000E+0002	 1.78970000000000E+0001	 4.95279000000000E+0002	 2.50140000000000E+0001	 6.48120000000000E-0003	-3.81472000000000E-0005	 5.89200000000000E+0000	-5.12377000000000E+0000	-4.29000000000000E+0001
 2.19301006971556E+0002	 5.77041666666667E+0002	 3.20562000000000E+0002	 1.79030000000000E+0001	 4.95311000000000E+0002	 2.50110000000000E+0001	 6.48120000000000E-0003	-3.62399000000000E-0005	 5.89200000000000E+0000	-5.16330000000000E+0000	-4.29000000000000E+0001
 2.20975948060438E+0002	 5.77083333333333E+0002	 3.20627000000000E+0002	 1.78970000000000E+0001	 4.95499000000000E+0002	 2.50010000000000E+0001	 6.47929000000000E-0003	-3.81472000000000E-0005	 5.89026363636364E+0000	-5.20244000000000E+0000	-4.29000000000000E+0001
 2.22653824717946E+0002	 5.77083333333333E+0002	 3.20773000000000E+0002	 1.78850000000000E+0001	 4.95652000000000E+0002	 2.49920000000000E+0001	 6.47929000000000E-0003	-3.81472000000000E-0005	 5.89026363636364E+0000	-5.24158000000000E+0000	-4.29000000000000E+0001
 2.24318028129273E+0002	 5.77000000000000E+0002	 3.20475000000000E+0002	 1.79100000000000E+0001	 4.95608000000000E+0002	 2.49950000000000E+0001	 6.47929000000000E-0003	-3.62399000000000E-0005	 5.89026363636364E+0000	-5.28073000000000E+0000	-4.29000000000000E+0001
 2.25974401495162E+0002	 5.77083333333333E+0002	 3.20566000000000E+0002	 1.79030000000000E+0001	 4.95410000000000E+0002	 2.50060000000000E+0001	 6.47929000000000E-0003	-3.81472000000000E-0005	 5.89026363636364E+0000	-5.31987000000000E+0000	-4.29000000000000E+0001
 2.27646421263038E+0002	 5.77125000000000E+0002	 3.20637000000000E+0002	 1.78950000000000E+0001	 4.95434000000000E+0002	 2.50050000000000E+0001	 6.47929000000000E-0003	-3.81472000000000E-0005	 5.89026363636364E+0000	-5.35939000000000E+0000	-4.29000000000000E+0001
 2.29321352574140E+0002	 5.77166666666667E+0002	 3.20812000000000E+0002	 1.78820000000000E+0001	 4.95572000000000E+0002	 2.49970000000000E+0001	 6.47929000000000E-0003	-3.81472000000000E-0005	 5.89026363636364E+0000	-5.39891000000000E+0000	-4.29000000000000E+0001
 2.30992386183160E+0002	 5.77166666666667E+0002	 3.20679000000000E+0002	 1.78930000000000E+0001	 4.95538000000000E+0002	 2.49990000000000E+0001	 6.47929000000000E-0003	-3.81472000000000E-0005	 5.89026363636364E+0000	-5.43806000000000E+0000	-4.29000000000000E+0001
 2.32672216999647E+0002	 5.77166666666667E+0002	 3.20865000000000E+0002	 1.78780000000000E+0001	 4.95623000000000E+0002	 2.49960000000000E+0001	 6.47929000000000E-0003	-3.81472000000000E-0005	 5.89026363636364E+0000	-5.47758000000000E+0000	-4.29000000000000E+0001
 2.34343239154697E+0002	 5.77000000000000E+0002	 3.20858000000000E+0002	 1.78780000000000E+0001	 4.95521000000000E+0002	 2.50000000000000E+0001	 6.48120000000000E-0003	-3.81472000000000E-0005	 5.89200000000000E+0000	-5.51710000000000E+0000	-4.29000000000000E+0001
 2.36018181081674E+0002	 5.77000000000000E+0002	 3.20720000000000E+0002	 1.78900000000000E+0001	 4.95501000000000E+0002	 2.50010000000000E+0001	 6.48120000000000E-0003	-3.81472000000000E-0005	 5.89200000000000E+0000	-5.55624000000000E+0000	-4.29000000000000E+0001
 2.37685320899723E+0002	 5.77166666666667E+0002	 3.20846000000000E+0002	 1.78790000000000E+0001	 4.95447000000000E+0002	 2.50040000000000E+0001	 6.48120000000000E-0003	-3.81472000000000E-0005	 5.89200000000000E+0000	-5.59501000000000E+0000	-4.29000000000000E+0001
 2.39335841566456E+0002	 5.77166666666667E+0002	 3.20997000000000E+0002	 1.78660000000000E+0001	 4.95459000000000E+0002	 2.50030000000000E+0001	 6.48120000000000E-0003	-3.62399000000000E-0005	 5.89200000000000E+0000	-5.63453000000000E+0000	-4.29000000000000E+0001
 2.41008826820168E+0002	 5.76958333333333E+0002	 3.21021000000000E+0002	 1.78640000000000E+0001	 4.95600000000000E+0002	 2.49980000000000E+0001	 6.48120000000000E-0003	-3.81472000000000E-0005	 5.89200000000000E+0000	-5.67368000000000E+0000	-4.29000000000000E+0001
 2.42683773496352E+0002	 5.77083333333333E+0002	 3.21096000000000E+0002	 1.78580000000000E+0001	 4.95314000000000E+0002	 2.50120000000000E+0001	 6.48120000000000E-0003	-3.62399000000000E-0005	 5.89200000000000E+0000	-5.71320000000000E+0000	-4.29000000000000E+0001
 2.44354808502198E+0002	 5.77083333333333E+0002	 3.21121000000000E+0002	 1.78560000000000E+0001	 4.95623000000000E+0002	 2.49940000000000E+0001	 6.47929000000000E-0003	-3.81472000000000E-0005	 5.89026363636364E+0000	-5.75234000000000E+0000	-4.29000000000000E+0001
 2.46032676220022E+0002	 5.77083333333333E+0002	 3.21102000000000E+0002	 1.78570000000000E+0001	 4.95511000000000E+0002	 2.50000000000000E+0001	 6.48120000000000E-0003	-3.81472000000000E-0005	 5.89200000000000E+0000	-5.79111000000000E+0000	-4.29000000000000E+0001
 2.47678328390899E+0002	 5.77208333333333E+0002	 3.21064000000000E+0002	 1.78610000000000E+0001	 4.95516000000000E+0002	 2.50000000000000E+0001	 6.48120000000000E-0003	-3.81472000000000E-0005	 5.89200000000000E+0000	-5.83063000000000E+0000	-4.29000000000000E+0001
 2.49358145518495E+0002	 5.77125000000000E+0002	 3.21194000000000E+0002	 1.78480000000000E+0001	 4.95642000000000E+0002	 2.49920000000000E+0001	 6.47929000000000E-0003	-3.81472000000000E-0005	 5.89026363636364E+0000	-5.87015000000000E+0000	-4.29000000000000E+0001
 2.51029183317992E+0002	 5.77166666666667E+0002	 3.21137000000000E+0002	 1.78540000000000E+0001	 4.95654000000000E+0002	 2.49920000000000E+0001	 6.48120000000000E-0003	-3.81472000000000E-0005	 5.89200000000000E+0000	-5.90930000000000E+0000	-4.29000000000000E+0001
 2.52700219720663E+0002	 5.77166666666667E+0002	 3.21280000000000E+0002	 1.78420000000000E+0001	 4.95610000000000E+0002	 2.49940000000000E+0001	 6.48120000000000E-0003	-3.81472000000000E-0005	 5.89200000000000E+0000	-5.94882000000000E+0000	-4.29000000000000E+0001
 2.54373199945803E+0002	 5.77250000000000E+0002	 3.21150000000000E+0002	 1.78530000000000E+0001	 4.95339000000000E+0002	 2.50100000000000E+0001	 6.48120000000000E-0003	-3.81472000000000E-0005	 5.89200000000000E+0000	-5.98758000000000E+0000	-4.29000000000000E+0001
 2.56020789234386E+0002	 5.77125000000000E+0002	 3.21271000000000E+0002	 1.78430000000000E+0001	 4.95444000000000E+0002	 2.50040000000000E+0001	 6.48120000000000E-0003	-3.81472000000000E-0005	 5.89200000000000E+0000	-6.02673000000000E+0000	-4.29000000000000E+0001
 2.57702573930486E+0002	 5.77125000000000E+0002	 3.21183000000000E+0002	 1.78510000000000E+0001	 4.95443000000000E+0002	 2.50020000000000E+0001	 6.48120000000000E-0003	-3.81472000000000E-0005	 5.89200000000000E+0000	-6.06625000000000E+0000	-4.29000000000000E+0001
 2.59373606701410E+0002	 5.77125000000000E+0002	 3.21114000000000E+0002	 1.78560000000000E+0001	 4.95560000000000E+0002	 2.49970000000000E+0001	 6.48120000000000E-0003	-3.62399000000000E-0005	 5.89200000000000E+0000	-6.10540000000000E+0000	-4.29000000000000E+0001
 2.61041718989425E+0002	 5.77208333333333E+0002	 3.21135000000000E+0002	 1.78550000000000E+0001	 4.95389000000000E+0002	 2.50070000000000E+0001	 6.48120000000000E-0003	-3.81472000000000E-0005	 5.89200000000000E+0000	-6.14492000000000E+0000	-4.29000000000000E+0001
 2.62713736522379E+0002	 5.77000000000000E+0002	 3.21206000000000E+0002	 1.78490000000000E+0001	 4.95778000000000E+0002	 2.49850000000000E+0001	 6.47929000000000E-0003	-3.81472000000000E-0005	 5.89026363636364E+0000	-6.18368000000000E+0000	-4.29000000000000E+0001
 2.64364250763714E+0002	 5.77333333333333E+0002	 3.21318000000000E+0002	 1.78390000000000E+0001	 4.95491000000000E+0002	 2.50010000000000E+0001	 6.48120000000000E-0003	-3.81472000000000E-0005	 5.89200000000000E+0000	-6.22320000000000E+0000	-4.29000000000000E+0001
 2.66041149084590E+0002	 5.77125000000000E+0002	 3.21305000000000E+0002	 1.78390000000000E+0001	 4.95429000000000E+0002	 2.50050000000000E+0001	 6.47929000000000E-0003	-3.81472000000000E-0005	 5.89026363636364E+0000	-6.26273000000000E+0000	-4.29000000000000E+0001
 2.67718045449911E+0002	 5.77041666666667E+0002	 3.21465000000000E+0002	 1.78270000000000E+0001	 4.95548000000000E+0002	 2.49980000000000E+0001	 6.47929000000000E-0003	-3.81472000000000E-0005	 5.89026363636364E+0000	-6.30187000000000E+0000	-4.29000000000000E+0001
 2.69388114969919E+0002	 5.77125000000000E+0002	 3.21307000000000E+0002	 1.78400000000000E+0001	 4.95556000000000E+0002	 2.49980000000000E+0001	 6.48120000000000E-0003	-3.81472000000000E-0005	 5.89200000000000E+0000	-6.34101000000000E+0000	-4.29000000000000E+0001
 2.71056206584915E+0002	 5.67161290322581E+0002	 3.21545000000000E+0002	 1.78200000000000E+0001	 4.95581000000000E+0002	 2.49970000000000E+0001	 6.47929000000000E-0003	-3.81472000000000E-0005	 5.89026363636364E+0000	-6.38091000000000E+0000	-4.29000000000000E+0001
 2.72742870951476E+0002	 5.67161290322581E+0002	 3.21585000000000E+0002	 1.78170000000000E+0001	 4.95648000000000E+0002	 2.49920000000000E+0001	 6.48120000000000E-0003	-3.81472000000000E-0005	 5.89200000000000E+0000	-6.42005000000000E+0000	-4.29000000000000E+0001
 2.74415856484553E+0002	 5.67112903225806E+0002	 3.21649000000000E+0002	 1.78110000000000E+0001	 4.95722000000000E+0002	 2.49880000000000E+0001	 6.47929000000000E-0003	-3.62399000000000E-0005	 5.89026363636364E+0000	-6.45920000000000E+0000	-4.29000000000000E+0001
 2.76081037115052E+0002	 5.67161290322581E+0002	 3.21603000000000E+0002	 1.78150000000000E+0001	 4.95632000000000E+0002	 2.49930000000000E+0001	 6.47929000000000E-0003	-3.81472000000000E-0005	 5.89026363636364E+0000	-6.49797000000000E+0000	-4.29000000000000E+0001
 2.77732531369210E+0002	 5.67306451612903E+0002	 3.21713000000000E+0002	 1.78060000000000E+0001	 4.95414000000000E+0002	 2.50060000000000E+0001	 6.48120000000000E-0003	-3.81472000000000E-0005	 5.89200000000000E+0000	-6.53749000000000E+0000	-4.29000000000000E+0001
 2.79408442972501E+0002	 5.67354838709677E+0002	 3.21547000000000E+0002	 1.78200000000000E+0001	 4.95337000000000E+0002	 2.50100000000000E+0001	 6.48120000000000E-0003	-3.81472000000000E-0005	 5.89200000000000E+0000	-6.57701000000000E+0000	-4.29000000000000E+0001
 2.81087300480927E+0002	 5.67064516129032E+0002	 3.21828000000000E+0002	 1.77960000000000E+0001	 4.95509000000000E+0002	 2.50000000000000E+0001	 6.48120000000000E-0003	-3.62399000000000E-0005	 5.89200000000000E+0000	-6.61653000000000E+0000	-4.29000000000000E+0001
 2.82759309912293E+0002	 5.67209677419355E+0002	 3.21700000000000E+0002	 1.78070000000000E+0001	 4.95518000000000E+0002	 2.50000000000000E+0001	 6.48120000000000E-0003	-3.81472000000000E-0005	 5.89200000000000E+0000	-6.65567000000000E+0000	-4.29000000000000E+0001
 2.84434247648793E+0002	 5.67306451612903E+0002	 3.21791000000000E+0002	 1.77970000000000E+0001	 4.95645000000000E+0002	 2.49930000000000E+0001	 6.48120000000000E-0003	-3.81472000000000E-0005	 5.89200000000000E+0000	-6.69520000000000E+0000	-4.29000000000000E+0001
 2.86105282095909E+0002	 5.67258064516129E+0002	 3.21682000000000E+0002	 1.78090000000000E+0001	 4.95505000000000E+0002	 2.50010000000000E+0001	 6.48120000000000E-0003	-3.81472000000000E-0005	 5.89200000000000E+0000	-6.73472000000000E+0000	-4.29000000000000E+0001
 2.87784130385286E+0002	 5.67161290322581E+0002	 3.21673000000000E+0002	 1.78090000000000E+0001	 4.95519000000000E+0002	 2.50000000000000E+0001	 6.47929000000000E-0003	-3.62399000000000E-0005	 5.89026363636364E+0000	-6.77386000000000E+0000	-4.29000000000000E+0001
 2.89457112845348E+0002	 5.67112903225806E+0002	 3.21794000000000E+0002	 1.78000000000000E+0001	 4.95666000000000E+0002	 2.49900000000000E+0001	 6.48120000000000E-0003	-3.81472000000000E-0005	 5.89200000000000E+0000	-6.81338000000000E+0000	-4.29000000000000E+0001
 2.91131081184899E+0002	 5.67209677419355E+0002	 3.21812000000000E+0002	 1.77980000000000E+0001	 4.95544000000000E+0002	 2.49980000000000E+0001	 6.48120000000000E-0003	-3.62399000000000E-0005	 5.89200000000000E+0000	-6.85290000000000E+0000	-4.29000000000000E+0001
 2.92811883353890E+0002	 5.67258064516129E+0002	 3.21760000000000E+0002	 1.78020000000000E+0001	 4.95524000000000E+0002	 2.49990000000000E+0001	 6.48120000000000E-0003	-3.62399000000000E-0005	 5.89200000000000E+0000	-6.89205000000000E+0000	-4.29000000000000E+0001
 2.94482915007354E+0002	 5.67209677419355E+0002	 3.21781000000000E+0002	 1.78000000000000E+0001	 4.95494000000000E+0002	 2.50020000000000E+0001	 6.48120000000000E-0003	-3.81472000000000E-0005	 5.89200000000000E+0000	-6.93157000000000E+0000	-4.29000000000000E+0001
 2.96158834991598E+0002	 5.67209677419355E+0002	 3.21676000000000E+0002	 1.78090000000000E+0001	 4.95647000000000E+0002	 2.49920000000000E+0001	 6.48120000000000E-0003	-3.62399000000000E-0005	 5.89200000000000E+0000	-6.97109000000000E+0000	-4.29000000000000E+0001
 2.97831820524676E+0002	 5.67354838709677E+0002	 3.21774000000000E+0002	 1.78010000000000E+0001	 4.95531000000000E+0002	 2.49990000000000E+0001	 6.48120000000000E-0003	-3.62399000000000E-0005	 5.89200000000000E+0000	-7.01023000000000E+0000	-4.29000000000000E+0001
 2.99506757702445E+0002	 5.67209677419355E+0002	 3.21838000000000E+0002	 1.77960000000000E+0001	 4.95365000000000E+0002	 2.50090000000000E+0001	 6.48120000000000E-0003	-3.81472000000000E-0005	 5.89200000000000E+0000	-7.04975000000000E+0000	-4.29000000000000E+0001
 3.01178769089368E+0002	 5.67161290322581E+0002	 3.22036000000000E+0002	 1.77790000000000E+0001	 4.95441000000000E+0002	 2.50040000000000E+0001	 6.48120000000000E-0003	-3.81472000000000E-0005	 5.89200000000000E+0000	-7.08890000000000E+0000	-4.29000000000000E+0001
 3.02855665734053E+0002	 5.67161290322581E+0002	 3.21873000000000E+0002	 1.77920000000000E+0001	 4.95399000000000E+0002	 2.50070000000000E+0001	 6.48120000000000E-0003	-3.81472000000000E-0005	 5.89200000000000E+0000	-7.12842000000000E+0000	-4.29000000000000E+0001
 3.04532564613659E+0002	 5.67161290322581E+0002	 3.21869000000000E+0002	 1.77920000000000E+0001	 4.95492000000000E+0002	 2.50000000000000E+0001	 6.48120000000000E-0003	-3.81472000000000E-0005	 5.89200000000000E+0000	-7.16794000000000E+0000	-4.29000000000000E+0001
 3.06204572089469E+0002	 5.67161290322581E+0002	 3.21983000000000E+0002	 1.77830000000000E+0001	 4.95780000000000E+0002	 2.49850000000000E+0001	 6.48120000000000E-0003	-3.81472000000000E-0005	 5.89200000000000E+0000	-7.20708000000000E+0000	-4.29000000000000E+0001
 3.07879508429144E+0002	 5.67209677419355E+0002	 3.21997000000000E+0002	 1.77820000000000E+0001	 4.95557000000000E+0002	 2.49970000000000E+0001	 6.48120000000000E-0003	-3.81472000000000E-0005	 5.89200000000000E+0000	-7.24660000000000E+0000	-4.29000000000000E+0001
 3.09548595701409E+0002	 5.67306451612903E+0002	 3.22010000000000E+0002	 1.77810000000000E+0001	 4.95490000000000E+0002	 2.50010000000000E+0001	 6.48120000000000E-0003	-3.62399000000000E-0005	 5.89200000000000E+0000	-7.28537000000000E+0000	-4.29000000000000E+0001
 3.11200096101600E+0002	 5.67354838709677E+0002	 3.21936000000000E+0002	 1.77870000000000E+0001	 4.95475000000000E+0002	 2.50020000000000E+0001	 6.48120000000000E-0003	-3.81472000000000E-0005	 5.89200000000000E+0000	-7.32452000000000E+0000	-4.29000000000000E+0001
 3.12867222789489E+0002	 5.67209677419355E+0002	 3.21985000000000E+0002	 1.77830000000000E+0001	 4.95629000000000E+0002	 2.49920000000000E+0001	 6.48120000000000E-0003	-3.81472000000000E-0005	 5.89200000000000E+0000	-7.36404000000000E+0000	-4.29000000000000E+0001
 3.14547046901212E+0002	 5.67306451612903E+0002	 3.22010000000000E+0002	 1.77810000000000E+0001	 4.95533000000000E+0002	 2.49990000000000E+0001	 6.48120000000000E-0003	-3.62399000000000E-0005	 5.89200000000000E+0000	-7.40356000000000E+0000	-4.29000000000000E+0001
 3.16225887927097E+0002	 5.67112903225806E+0002	 3.22140000000000E+0002	 1.77700000000000E+0001	 4.95498000000000E+0002	 2.50010000000000E+0001	 6.48120000000000E-0003	-3.81472000000000E-0005	 5.89200000000000E+0000	-7.44270000000000E+0000	-4.29000000000000E+0001
 3.17890089662234E+0002	 5.67209677419355E+0002	 3.22194000000000E+0002	 1.77650000000000E+0001	 4.95510000000000E+0002	 2.50000000000000E+0001	 6.48120000000000E-0003	-3.81472000000000E-0005	 5.89200000000000E+0000	-7.48147000000000E+0000	-4.29000000000000E+0001
 3.19539635344716E+0002	 5.67403225806452E+0002	 3.22081000000000E+0002	 1.77750000000000E+0001	 4.95536000000000E+0002	 2.49990000000000E+0001	 6.48120000000000E-0003	-3.81472000000000E-0005	 5.89200000000000E+0000	-7.52099000000000E+0000	-4.29000000000000E+0001
 3.21218487545205E+0002	 5.67016129032258E+0002	 3.22144000000000E+0002	 1.77710000000000E+0001	 4.95571000000000E+0002	 2.49960000000000E+0001	 6.48120000000000E-0003	-3.62399000000000E-0005	 5.89200000000000E+0000	-7.56013000000000E+0000	-4.29000000000000E+0001
 3.22889518919304E+0002	 5.67258064516129E+0002	 3.22201000000000E+0002	 1.77650000000000E+0001	 4.95547000000000E+0002	 2.49980000000000E+0001	 6.48120000000000E-0003	-3.81472000000000E-0005	 5.89200000000000E+0000	-7.59965000000000E+0000	-4.29000000000000E+0001
 3.24560554483880E+0002	 5.67161290322581E+0002	 3.22264000000000E+0002	 1.77600000000000E+0001	 4.95558000000000E+0002	 2.49970000000000E+0001	 6.48120000000000E-0003	-3.62399000000000E-0005	 5.89200000000000E+0000	-7.63918000000000E+0000	-4.29000000000000E+0001
 3.26240381109890E+0002	 5.67354838709677E+0002	 3.22245000000000E+0002	 1.77610000000000E+0001	 4.95492000000000E+0002	 2.50010000000000E+0001	 6.48120000000000E-0003	-3.81472000000000E-0005	 5.89200000000000E+0000	-7.67870000000000E+0000	-4.29000000000000E+0001
 3.27916294110006E+0002	 5.67354838709677E+0002	 3.22207000000000E+0002	 1.77640000000000E+0001	 4.95583000000000E+0002	 2.49960000000000E+0001	 6.48120000000000E-0003	-3.81472000000000E-0005	 5.89200000000000E+0000	-7.71822000000000E+0000	-4.29000000000000E+0001
 3.29595143516844E+0002	 5.67258064516129E+0002	 3.22360000000000E+0002	 1.77510000000000E+0001	 4.95408000000000E+0002	 2.50060000000000E+0001	 6.48120000000000E-0003	-3.62399000000000E-0005	 5.89200000000000E+0000	-7.75736000000000E+0000	-4.29000000000000E+0001
 3.31274961203170E+0002	 5.56493750000000E+0002	 3.22266000000000E+0002	 1.77600000000000E+0001	 4.95262000000000E+0002	 2.50140000000000E+0001	 6.48120000000000E-0003	-3.81472000000000E-0005	 5.89200000000000E+0000	-7.79688000000000E+0000	-4.29000000000000E+0001
 3.32941132183001E+0002	 5.56281250000000E+0002	 3.22313000000000E+0002	 1.77550000000000E+0001	 4.95356000000000E+0002	 2.50090000000000E+0001	 6.48120000000000E-0003	-3.81472000000000E-0005	 5.89200000000000E+0000	-7.83603000000000E+0000	-4.29000000000000E+0001
 3.34614106541474E+0002	 5.56334375000000E+0002	 3.22388000000000E+0002	 1.77490000000000E+0001	 4.95557000000000E+0002	 2.49980000000000E+0001	 6.48120000000000E-0003	-3.62399000000000E-0005	 5.89200000000000E+0000	-7.87555000000000E+0000	-4.29000000000000E+0001
 3.36289043439879E+0002	 5.56334375000000E+0002	 3.22260000000000E+0002	 1.77600000000000E+0001	 4.95749000000000E+0002	 2.49880000000000E+0001	 6.48120000000000E-0003	-3.81472000000000E-0005	 5.89200000000000E+0000	-7.91507000000000E+0000	-4.29000000000000E+0001
 3.37966914789450E+0002	 5.56440625000000E+0002	 3.22239000000000E+0002	 1.77620000000000E+0001	 4.95767000000000E+0002	 2.49850000000000E+0001	 6.48120000000000E-0003	-3.81472000000000E-0005	 5.89200000000000E+0000	-7.95421000000000E+0000	-4.29000000000000E+0001
 3.39639907865385E+0002	 5.56653125000000E+0002	 3.22362000000000E+0002	 1.77510000000000E+0001	 4.95416000000000E+0002	 2.50060000000000E+0001	 6.48120000000000E-0003	-3.81472000000000E-0005	 5.89200000000000E+0000	-7.99373000000000E+0000	-4.29000000000000E+0001
 3.41313868941444E+0002	 5.56387500000000E+0002	 3.22467000000000E+0002	 1.77420000000000E+0001	 4.95211000000000E+0002	 2.50180000000000E+0001	 6.48120000000000E-0003	-3.81472000000000E-0005	 5.89200000000000E+0000	-8.03250000000000E+0000	-4.29000000000000E+0001
 3.42970252085111E+0002	 5.56706250000000E+0002	 3.22473000000000E+0002	 1.77420000000000E+0001	 4.95257000000000E+0002	 2.50150000000000E+0001	 6.48120000000000E-0003	-3.62399000000000E-0005	 5.89200000000000E+0000	-8.07202000000000E+0000	-4.29000000000000E+0001
 3.44638352919156E+0002	 5.56493750000000E+0002	 3.22485000000000E+0002	 1.77420000000000E+0001	 4.95437000000000E+0002	 2.50030000000000E+0001	 6.48120000000000E-0003	-3.62399000000000E-0005	 5.89200000000000E+0000	-8.11117000000000E+0000	-4.29000000000000E+0001
 3.46306462692884E+0002	 5.56387500000000E+0002	 3.22599000000000E+0002	 1.77310000000000E+0001	 4.95584000000000E+0002	 2.49960000000000E+0001	 6.48120000000000E-0003	-3.81472000000000E-0005	 5.89200000000000E+0000	-8.15031000000000E+0000	-4.29000000000000E+0001
 3.47979450181518E+0002	 5.56493750000000E+0002	 3.22460000000000E+0002	 1.77430000000000E+0001	 4.95341000000000E+0002	 2.50100000000000E+0001	 6.48120000000000E-0003	-3.81472000000000E-0005	 5.89200000000000E+0000	-8.18983000000000E+0000	-4.29000000000000E+0001
 3.49652463930472E+0002	 5.56493750000000E+0002	 3.22689000000000E+0002	 1.77240000000000E+0001	 4.95619000000000E+0002	 2.49940000000000E+0001	 6.48120000000000E-0003	-3.81472000000000E-0005	 5.89200000000000E+0000	-8.22860000000000E+0000	-4.29000000000000E+0001
 3.51303948686216E+0002	 5.56440625000000E+0002	 3.22565000000000E+0002	 1.77340000000000E+0001	 4.95622000000000E+0002	 2.49940000000000E+0001	 6.48120000000000E-0003	-3.81472000000000E-0005	 5.89200000000000E+0000	-8.26812000000000E+0000	-4.29000000000000E+0001
 3.52981808581817E+0002	 5.56334375000000E+0002	 3.22671000000000E+0002	 1.77250000000000E+0001	 4.95624000000000E+0002	 2.49920000000000E+0001	 6.48120000000000E-0003	-3.81472000000000E-0005	 5.89200000000000E+0000	-8.30727000000000E+0000	-4.29000000000000E+0001
 3.54648964603043E+0002	 5.56493750000000E+0002	 3.22856000000000E+0002	 1.77100000000000E+0001	 4.95654000000000E+0002	 2.49920000000000E+0001	 6.48120000000000E-0003	-3.81472000000000E-0005	 5.89200000000000E+0000	-8.34679000000000E+0000	-4.29000000000000E+0001
 3.56321924155165E+0002	 5.56387500000000E+0002	 3.22641000000000E+0002	 1.77280000000000E+0001	 4.95438000000000E+0002	 2.50040000000000E+0001	 6.48120000000000E-0003	-3.81472000000000E-0005	 5.89200000000000E+0000	-8.38631000000000E+0000	-4.29000000000000E+0001
 3.57997841625123E+0002	 5.56334375000000E+0002	 3.22633000000000E+0002	 1.77280000000000E+0001	 4.95517000000000E+0002	 2.50000000000000E+0001	 6.48120000000000E-0003	-3.81472000000000E-0005	 5.89200000000000E+0000	-8.42470000000000E+0000	-4.29000000000000E+0001
 3.59643517262669E+0002	 5.56546875000000E+0002	 3.22690000000000E+0002	 1.77240000000000E+0001	 4.95534000000000E+0002	 2.49990000000000E+0001	 6.48120000000000E-0003	-3.81472000000000E-0005	 5.89200000000000E+0000	-8.46460000000000E+0000	-4.29000000000000E+0001
 3.61326249285873E+0002	 5.56546875000000E+0002	 3.23015000000000E+0002	 1.76930000000000E+0001	 4.95553000000000E+0002	 2.50000000000000E+0001	 6.48120000000000E-0003	-3.81472000000000E-0005	 5.89200000000000E+0000	-8.50374000000000E+0000	-4.29000000000000E+0001
 3.63001184508087E+0002	 5.56493750000000E+0002	 3.22743000000000E+0002	 1.77190000000000E+0001	 4.95461000000000E+0002	 2.50030000000000E+0001	 6.48311000000000E-0003	-3.81472000000000E-0005	 5.89373636363636E+0000	-8.54326000000000E+0000	-4.29000000000000E+0001
 3.64670269266066E+0002	 5.56546875000000E+0002	 3.22688000000000E+0002	 1.77240000000000E+0001	 4.95564000000000E+0002	 2.49970000000000E+0001	 6.48311000000000E-0003	-3.81472000000000E-0005	 5.89373636363636E+0000	-8.58241000000000E+0000	-4.29000000000000E+0001
 3.66336416499862E+0002	 5.56706250000000E+0002	 3.22809000000000E+0002	 1.77140000000000E+0001	 4.95526000000000E+0002	 2.49990000000000E+0001	 6.48311000000000E-0003	-3.81472000000000E-0005	 5.89373636363636E+0000	-8.62117000000000E+0000	-4.29000000000000E+0001
 3.67987916900053E+0002	 5.56653125000000E+0002	 3.22991000000000E+0002	 1.76980000000000E+0001	 4.95451000000000E+0002	 2.50040000000000E+0001	 6.48120000000000E-0003	-3.81472000000000E-0005	 5.89200000000000E+0000	-8.66032000000000E+0000	-4.29000000000000E+0001
 3.69660909975989E+0002	 5.56387500000000E+0002	 3.22810000000000E+0002	 1.77120000000000E+0001	 4.95506000000000E+0002	 2.49980000000000E+0001	 6.48311000000000E-0003	-3.81472000000000E-0005	 5.89373636363636E+0000	-8.69984000000000E+0000	-4.29000000000000E+0001
 3.71332917451799E+0002	 5.56706250000000E+0002	 3.22983000000000E+0002	 1.76990000000000E+0001	 4.95565000000000E+0002	 2.49970000000000E+0001	 6.48120000000000E-0003	-3.81472000000000E-0005	 5.89200000000000E+0000	-8.73936000000000E+0000	-4.29000000000000E+0001
 3.73009809067912E+0002	 5.56493750000000E+0002	 3.22893000000000E+0002	 1.77070000000000E+0001	 4.95555000000000E+0002	 2.49980000000000E+0001	 6.48120000000000E-0003	-3.81472000000000E-0005	 5.89200000000000E+0000	-8.77850000000000E+0000	-4.29000000000000E+0001
 3.74684754347270E+0002	 5.56600000000000E+0002	 3.22986000000000E+0002	 1.76990000000000E+0001	 4.95484000000000E+0002	 2.50020000000000E+0001	 6.48311000000000E-0003	-3.81472000000000E-0005	 5.89373636363636E+0000	-8.81803000000000E+0000	-4.29000000000000E+0001
 3.76364568681215E+0002	 5.56546875000000E+0002	 3.23045000000000E+0002	 1.76940000000000E+0001	 4.95354000000000E+0002	 2.50090000000000E+0001	 6.48311000000000E-0003	-3.81472000000000E-0005	 5.89373636363636E+0000	-8.85755000000000E+0000	-4.29000000000000E+0001
 3.78033654836020E+0002	 5.56493750000000E+0002	 3.23003000000000E+0002	 1.76970000000000E+0001	 4.95532000000000E+0002	 2.49990000000000E+0001	 6.48120000000000E-0003	-3.62399000000000E-0005	 5.89200000000000E+0000	-8.89669000000000E+0000	-4.29000000000000E+0001
 3.79700787111211E+0002	 5.56493750000000E+0002	 3.23016000000000E+0002	 1.76960000000000E+0001	 4.95677000000000E+0002	 2.49910000000000E+0001	 6.48120000000000E-0003	-3.81472000000000E-0005	 5.89200000000000E+0000	-8.93546000000000E+0000	-4.29000000000000E+0001
 3.81359113797983E+0002	 5.56653125000000E+0002	 3.23096000000000E+0002	 1.76890000000000E+0001	 4.95552000000000E+0002	 2.49980000000000E+0001	 6.48120000000000E-0003	-3.62399000000000E-0005	 5.89200000000000E+0000	-8.97498000000000E+0000	-4.29000000000000E+0001
 3.83028195203580E+0002	 5.56387500000000E+0002	 3.23059000000000E+0002	 1.76920000000000E+0001	 4.95555000000000E+0002	 2.49960000000000E+0001	 6.48120000000000E-0003	-3.62399000000000E-0005	 5.89200000000000E+0000	-9.01412000000000E+0000	-4.29000000000000E+0001
 3.84711933499928E+0002	 5.56493750000000E+0002	 3.23049000000000E+0002	 1.76930000000000E+0001	 4.95413000000000E+0002	 2.50060000000000E+0001	 6.48311000000000E-0003	-3.81472000000000E-0005	 5.89373636363636E+0000	-9.05364000000000E+0000	-4.29000000000000E+0001
 3.86382963756567E+0002	 5.56546875000000E+0002	 3.23148000000000E+0002	 1.76850000000000E+0001	 4.95381000000000E+0002	 2.50080000000000E+0001	 6.48311000000000E-0003	-3.81472000000000E-0005	 5.89373636363636E+0000	-9.09316000000000E+0000	-4.29000000000000E+0001
 3.88053999600508E+0002	 5.56600000000000E+0002	 3.23179000000000E+0002	 1.76810000000000E+0001	 4.95540000000000E+0002	 2.49990000000000E+0001	 6.48311000000000E-0003	-3.62399000000000E-0005	 5.89373636363636E+0000	-9.13231000000000E+0000	-4.29000000000000E+0001
 3.89730898759479E+0002	 5.56546875000000E+0002	 3.23342000000000E+0002	 1.76690000000000E+0001	 4.95699000000000E+0002	 2.49890000000000E+0001	 6.48311000000000E-0003	-3.81472000000000E-0005	 5.89373636363636E+0000	-9.17183000000000E+0000	-4.29000000000000E+0001
 3.91401923987546E+0002	 5.56493750000000E+0002	 3.23064000000000E+0002	 1.76920000000000E+0001	 4.95531000000000E+0002	 2.49990000000000E+0001	 6.48120000000000E-0003	-3.81472000000000E-0005	 5.89200000000000E+0000	-9.21135000000000E+0000	-4.29000000000000E+0001
 3.93071008745525E+0002	 5.59468750000000E+0002	 3.23176000000000E+0002	 1.76830000000000E+0001	 4.95458000000000E+0002	 2.50030000000000E+0001	 6.48311000000000E-0003	-3.81472000000000E-0005	 5.89373636363636E+0000	-9.25012000000000E+0000	-4.29000000000000E+0001
 3.94723492231555E+0002	 5.59415625000000E+0002	 3.23114000000000E+0002	 1.76880000000000E+0001	 4.95395000000000E+0002	 2.50070000000000E+0001	 6.48311000000000E-0003	-3.81472000000000E-0005	 5.89373636363636E+0000	-9.28964000000000E+0000	-4.29000000000000E+0001
 3.96400380774652E+0002	 5.59521875000000E+0002	 3.23096000000000E+0002	 1.76900000000000E+0001	 4.95604000000000E+0002	 2.49940000000000E+0001	 6.48311000000000E-0003	-3.81472000000000E-0005	 5.89373636363636E+0000	-9.32878000000000E+0000	-4.29000000000000E+0001
 3.98067508859366E+0002	 5.59256250000000E+0002	 3.23192000000000E+0002	 1.76810000000000E+0001	 4.95483000000000E+0002	 2.50020000000000E+0001	 6.48311000000000E-0003	-3.81472000000000E-0005	 5.89373636363636E+0000	-9.36830000000000E+0000	-4.29000000000000E+0001
 3.99745380767667E+0002	 5.59362500000000E+0002	 3.23461000000000E+0002	 1.76590000000000E+0001	 4.95514000000000E+0002	 2.50000000000000E+0001	 6.48120000000000E-0003	-3.81472000000000E-0005	 5.89200000000000E+0000	-9.40745000000000E+0000	-4.29000000000000E+0001
 4.01424221514187E+0002	 5.59415625000000E+0002	 3.23124000000000E+0002	 1.76880000000000E+0001	 4.95534000000000E+0002	 2.49980000000000E+0001	 6.48311000000000E-0003	-3.81472000000000E-0005	 5.89373636363636E+0000	-9.44697000000000E+0000	-4.29000000000000E+0001
 4.03092336316487E+0002	 5.59362500000000E+0002	 3.23210000000000E+0002	 1.76800000000000E+0001	 4.95589000000000E+0002	 2.49960000000000E+0001	 6.48311000000000E-0003	-3.81472000000000E-0005	 5.89373636363636E+0000	-9.48611000000000E+0000	-4.29000000000000E+0001
 4.04767272935527E+0002	 5.59362500000000E+0002	 3.23094000000000E+0002	 1.76900000000000E+0001	 4.95400000000000E+0002	 2.50070000000000E+0001	 6.48311000000000E-0003	-3.81472000000000E-0005	 5.89373636363636E+0000	-9.52564000000000E+0000	-4.29000000000000E+0001
 4.06442213745043E+0002	 5.59362500000000E+0002	 3.23145000000000E+0002	 1.76850000000000E+0001	 4.95252000000000E+0002	 2.50150000000000E+0001	 6.48311000000000E-0003	-3.81472000000000E-0005	 5.89373636363636E+0000	-9.56440000000000E+0000	-4.29000000000000E+0001
 4.08088840062075E+0002	 5.59309375000000E+0002	 3.23286000000000E+0002	 1.76730000000000E+0001	 4.95412000000000E+0002	 2.50060000000000E+0001	 6.48311000000000E-0003	-3.62399000000000E-0005	 5.89373636363636E+0000	-9.60355000000000E+0000	-4.29000000000000E+0001
 4.09756937823103E+0002	 5.59415625000000E+0002	 3.23272000000000E+0002	 1.76750000000000E+0001	 4.95523000000000E+0002	 2.49990000000000E+0001	 6.48311000000000E-0003	-3.81472000000000E-0005	 5.89373636363636E+0000	-9.64231000000000E+0000	-4.29000000000000E+0001
 4.11405501816572E+0002	 5.59362500000000E+0002	 3.23371000000000E+0002	 1.76660000000000E+0001	 4.95681000000000E+0002	 2.49900000000000E+0001	 6.48311000000000E-0003	-3.81472000000000E-0005	 5.89373636363636E+0000	-9.68183000000000E+0000	-4.29000000000000E+0001
 4.13080442067358E+0002	 5.59362500000000E+0002	 3.23270000000000E+0002	 1.76730000000000E+0001	 4.95826000000000E+0002	 2.49810000000000E+0001	 6.48311000000000E-0003	-3.62399000000000E-0005	 5.89373636363636E+0000	-9.72136000000000E+0000	-4.29000000000000E+0001
 4.14757345696171E+0002	 5.59628125000000E+0002	 3.23362000000000E+0002	 1.76670000000000E+0001	 4.95557000000000E+0002	 2.49980000000000E+0001	 6.48311000000000E-0003	-3.62399000000000E-0005	 5.89373636363636E+0000	-9.76050000000000E+0000	-4.29000000000000E+0001
 4.16431303140483E+0002	 5.59415625000000E+0002	 3.23505000000000E+0002	 1.76550000000000E+0001	 4.95422000000000E+0002	 2.50050000000000E+0001	 6.48311000000000E-0003	-3.81472000000000E-0005	 5.89373636363636E+0000	-9.79965000000000E+0000	-4.29000000000000E+0001
 4.18100388736557E+0002	 5.59681250000000E+0002	 3.23360000000000E+0002	 1.76690000000000E+0001	 4.95300000000000E+0002	 2.50120000000000E+0001	 6.48311000000000E-0003	-3.81472000000000E-0005	 5.89373636363636E+0000	-9.83954000000000E+0000	-4.29000000000000E+0001
 4.19781185318246E+0002	 5.59468750000000E+0002	 3.23356000000000E+0002	 1.76680000000000E+0001	 4.95555000000000E+0002	 2.49980000000000E+0001	 6.48311000000000E-0003	-3.81472000000000E-0005	 5.89373636363636E+0000	-9.87869000000000E+0000	-4.29000000000000E+0001
 4.21455144718114E+0002	 5.59468750000000E+0002	 3.23439000000000E+0002	 1.76610000000000E+0001	 4.95345000000000E+0002	 2.50100000000000E+0001	 6.48311000000000E-0003	-3.81472000000000E-0005	 5.89373636363636E+0000	-9.91783000000000E+0000	-4.29000000000000E+0001
 4.23124228637997E+0002	 5.59309375000000E+0002	 3.23555000000000E+0002	 1.76510000000000E+0001	 4.95515000000000E+0002	 2.50010000000000E+0001	 6.48311000000000E-0003	-3.62399000000000E-0005	 5.89373636363636E+0000	-9.95773000000000E+0000	-4.29000000000000E+0001
 4.24807963302599E+0002	 5.59468750000000E+0002	 3.23618000000000E+0002	 1.76460000000000E+0001	 4.95651000000000E+0002	 2.49920000000000E+0001	 6.48311000000000E-0003	-3.62399000000000E-0005	 5.89373636363636E+0000	-9.99687000000000E+0000	-4.29000000000000E+0001
 4.26479971895869E+0002	 5.59203125000000E+0002	 3.23521000000000E+0002	 1.76540000000000E+0001	 4.95395000000000E+0002	 2.50070000000000E+0001	 6.48311000000000E-0003	-3.81472000000000E-0005	 5.89373636363636E+0000	-1.00363900000000E+0001	-4.29000000000000E+0001
 4.28161750166571E+0002	 5.59628125000000E+0002	 3.23655000000000E+0002	 1.76410000000000E+0001	 4.95571000000000E+0002	 2.49970000000000E+0001	 6.48311000000000E-0003	-3.81472000000000E-0005	 5.89373636363636E+0000	-1.00759100000000E+0001	-4.29000000000000E+0001
 4.29836689299897E+0002	 5.59575000000000E+0002	 3.23578000000000E+0002	 1.76490000000000E+0001	 4.95675000000000E+0002	 2.49910000000000E+0001	 6.48311000000000E-0003	-3.62399000000000E-0005	 5.89373636363636E+0000	-1.01150600000000E+0001	-4.29000000000000E+0001
 4.31507723188282E+0002	 5.59415625000000E+0002	 3.23646000000000E+0002	 1.76430000000000E+0001	 4.95632000000000E+0002	 2.49930000000000E+0001	 6.48311000000000E-0003	-3.81472000000000E-0005	 5.89373636363636E+0000	-1.01545800000000E+0001	-4.29000000000000E+0001
 4.33182665115259E+0002	 5.59468750000000E+0002	 3.23760000000000E+0002	 1.76330000000000E+0001	 4.95603000000000E+0002	 2.49940000000000E+0001	 6.48311000000000E-0003	-3.81472000000000E-0005	 5.89373636363636E+0000	-1.01941000000000E+0001	-4.29000000000000E+0001
 4.34860532553718E+0002	 5.59415625000000E+0002	 3.23762000000000E+0002	 1.76330000000000E+0001	 4.95363000000000E+0002	 2.50090000000000E+0001	 6.48311000000000E-0003	-3.81472000000000E-0005	 5.89373636363636E+0000	-1.02332400000000E+0001	-4.29000000000000E+0001
 4.36532541705720E+0002	 5.59362500000000E+0002	 3.23767000000000E+0002	 1.76330000000000E+0001	 4.95262000000000E+0002	 2.50150000000000E+0001	 6.48311000000000E-0003	-3.81472000000000E-0005	 5.89373636363636E+0000	-1.02727600000000E+0001	-4.29000000000000E+0001
 4.38207488381903E+0002	 5.59309375000000E+0002	 3.23839000000000E+0002	 1.76280000000000E+0001	 4.95277000000000E+0002	 2.50130000000000E+0001	 6.48311000000000E-0003	-3.62399000000000E-0005	 5.89373636363636E+0000	-1.03122900000000E+0001	-4.29000000000000E+0001
 4.39882430308880E+0002	 5.59468750000000E+0002	 3.23737000000000E+0002	 1.76350000000000E+0001	 4.95586000000000E+0002	 2.49960000000000E+0001	 6.48311000000000E-0003	-3.81472000000000E-0005	 5.89373636363636E+0000	-1.03514300000000E+0001	-4.29000000000000E+0001
 4.41555415003862E+0002	 5.59309375000000E+0002	 3.23826000000000E+0002	 1.76280000000000E+0001	 4.95571000000000E+0002	 2.49970000000000E+0001	 6.48311000000000E-0003	-3.81472000000000E-0005	 5.89373636363636E+0000	-1.03909500000000E+0001	-4.29000000000000E+0001
 4.43226448333517E+0002	 5.59521875000000E+0002	 3.23659000000000E+0002	 1.76420000000000E+0001	 4.95686000000000E+0002	 2.49890000000000E+0001	 6.48311000000000E-0003	-3.81472000000000E-0005	 5.89373636363636E+0000	-1.04301000000000E+0001	-4.29000000000000E+0001
 4.44904329460867E+0002	 5.59415625000000E+0002	 3.23753000000000E+0002	 1.76340000000000E+0001	 4.95723000000000E+0002	 2.49880000000000E+0001	 6.48311000000000E-0003	-3.62399000000000E-0005	 5.89373636363636E+0000	-1.04696200000000E+0001	-4.29000000000000E+0001
 4.46577300746324E+0002	 5.59362500000000E+0002	 3.23825000000000E+0002	 1.76280000000000E+0001	 4.95741000000000E+0002	 2.49870000000000E+0001	 6.48311000000000E-0003	-3.81472000000000E-0005	 5.89373636363636E+0000	-1.05091400000000E+0001	-4.29000000000000E+0001
 4.48254197391009E+0002	 5.59362500000000E+0002	 3.23783000000000E+0002	 1.76320000000000E+0001	 4.95576000000000E+0002	 2.49970000000000E+0001	 6.48311000000000E-0003	-3.81472000000000E-0005	 5.89373636363636E+0000	-1.05486600000000E+0001	-4.29000000000000E+0001
 4.49929141273542E+0002	 5.59415625000000E+0002	 3.23786000000000E+0002	 1.76310000000000E+0001	 4.95431000000000E+0002	 2.50050000000000E+0001	 6.48311000000000E-0003	-3.81472000000000E-0005	 5.89373636363636E+0000	-1.05878000000000E+0001	-4.29000000000000E+0001
 4.51605059860960E+0002	 5.59468750000000E+0002	 3.23848000000000E+0002	 1.76260000000000E+0001	 4.95346000000000E+0002	 2.50100000000000E+0001	 6.48311000000000E-0003	-3.62399000000000E-0005	 5.89373636363636E+0000	-1.06273200000000E+0001	-4.29000000000000E+0001
 4.53274151323702E+0002	 5.56015625000000E+0002	 3.23839000000000E+0002	 1.76270000000000E+0001	 4.95431000000000E+0002	 2.50050000000000E+0001	 6.48311000000000E-0003	-3.81472000000000E-0005	 5.89373636363636E+0000	-1.06660900000000E+0001	-4.29000000000000E+0001
 4.54923688066500E+0002	 5.55803125000000E+0002	 3.23938000000000E+0002	 1.76190000000000E+0001	 4.95521000000000E+0002	 2.50000000000000E+0001	 6.48311000000000E-0003	-3.62399000000000E-0005	 5.89373636363636E+0000	-1.07052400000000E+0001	-4.29000000000000E+0001
 4.56599600787251E+0002	 5.55962500000000E+0002	 3.23940000000000E+0002	 1.76180000000000E+0001	 4.95583000000000E+0002	 2.49940000000000E+0001	 6.48311000000000E-0003	-3.81472000000000E-0005	 5.89373636363636E+0000	-1.07447600000000E+0001	-4.29000000000000E+0001
 4.58276498828762E+0002	 5.56068750000000E+0002	 3.24210000000000E+0002	 1.75960000000000E+0001	 4.95495000000000E+0002	 2.50010000000000E+0001	 6.48311000000000E-0003	-3.81472000000000E-0005	 5.89373636363636E+0000	-1.07842800000000E+0001	-4.29000000000000E+0001
 4.59952416578085E+0002	 5.56015625000000E+0002	 3.23940000000000E+0002	 1.76180000000000E+0001	 4.95517000000000E+0002	 2.50000000000000E+0001	 6.48311000000000E-0003	-3.81472000000000E-0005	 5.89373636363636E+0000	-1.08238000000000E+0001	-4.29000000000000E+0001
 4.61627352359029E+0002	 5.56015625000000E+0002	 3.24053000000000E+0002	 1.76110000000000E+0001	 4.95498000000000E+0002	 2.50010000000000E+0001	 6.48311000000000E-0003	-3.81472000000000E-0005	 5.89373636363636E+0000	-1.08629400000000E+0001	-4.29000000000000E+0001
 4.63298386526779E+0002	 5.56068750000000E+0002	 3.23944000000000E+0002	 1.76180000000000E+0001	 4.95538000000000E+0002	 2.49990000000000E+0001	 6.48311000000000E-0003	-3.81472000000000E-0005	 5.89373636363636E+0000	-1.09024600000000E+0001	-4.29000000000000E+0001
 4.64971377367794E+0002	 5.56068750000000E+0002	 3.23963000000000E+0002	 1.76160000000000E+0001	 4.95452000000000E+0002	 2.50040000000000E+0001	 6.48311000000000E-0003	-3.81472000000000E-0005	 5.89373636363636E+0000	-1.09416100000000E+0001	-4.29000000000000E+0001
 4.66640452906724E+0002	 5.55909375000000E+0002	 3.23976000000000E+0002	 1.76150000000000E+0001	 4.95545000000000E+0002	 2.49980000000000E+0001	 6.48311000000000E-0003	-3.81472000000000E-0005	 5.89373636363636E+0000	-1.09803800000000E+0001	-4.29000000000000E+0001
 4.68294891669193E+0002	 5.55856250000000E+0002	 3.24061000000000E+0002	 1.76080000000000E+0001	 4.95690000000000E+0002	 2.49900000000000E+0001	 6.48311000000000E-0003	-3.62399000000000E-0005	 5.89373636363636E+0000	-1.10199000000000E+0001	-4.29000000000000E+0001
 4.69981544861149E+0002	 5.56228125000000E+0002	 3.24045000000000E+0002	 1.76100000000000E+0001	 4.95463000000000E+0002	 2.50010000000000E+0001	 6.48311000000000E-0003	-3.81472000000000E-0005	 5.89373636363636E+0000	-1.10590400000000E+0001	-4.29000000000000E+0001
 4.71642814380040E+0002	 5.56068750000000E+0002	 3.24170000000000E+0002	 1.75990000000000E+0001	 4.95393000000000E+0002	 2.50070000000000E+0001	 6.48311000000000E-0003	-3.81472000000000E-0005	 5.89373636363636E+0000	-1.10985600000000E+0001	-4.29000000000000E+0001
 4.73308967201139E+0002	 5.56068750000000E+0002	 3.24209000000000E+0002	 1.75960000000000E+0001	 4.95525000000000E+0002	 2.49990000000000E+0001	 6.48311000000000E-0003	-3.62399000000000E-0005	 5.89373636363636E+0000	-1.11377100000000E+0001	-4.29000000000000E+0001
 4.74983908848750E+0002	 5.56068750000000E+0002	 3.24284000000000E+0002	 1.75890000000000E+0001	 4.95553000000000E+0002	 2.49980000000000E+0001	 6.48311000000000E-0003	-3.81472000000000E-0005	 5.89373636363636E+0000	-1.11768500000000E+0001	-4.29000000000000E+0001
 4.76639319522453E+0002	 5.56121875000000E+0002	 3.24379000000000E+0002	 1.75810000000000E+0001	 4.95562000000000E+0002	 2.49970000000000E+0001	 6.48311000000000E-0003	-3.81472000000000E-0005	 5.89373636363636E+0000	-1.12159900000000E+0001	-4.29000000000000E+0001
 4.78309389601192E+0002	 5.56068750000000E+0002	 3.24391000000000E+0002	 1.75830000000000E+0001	 4.95474000000000E+0002	 2.50040000000000E+0001	 6.48311000000000E-0003	-3.81472000000000E-0005	 5.89373636363636E+0000	-1.12555200000000E+0001	-4.29000000000000E+0001
 4.79982363400935E+0002	 5.56121875000000E+0002	 3.24331000000000E+0002	 1.75850000000000E+0001	 4.95285000000000E+0002	 2.50130000000000E+0001	 6.48311000000000E-0003	-3.81472000000000E-0005	 5.89373636363636E+0000	-1.12950400000000E+0001	-4.29000000000000E+0001
 4.81661233760157E+0002	 5.55856250000000E+0002	 3.24298000000000E+0002	 1.75880000000000E+0001	 4.95621000000000E+0002	 2.49940000000000E+0001	 6.48311000000000E-0003	-3.62399000000000E-0005	 5.89373636363636E+0000	-1.13341800000000E+0001	-4.29000000000000E+0001
 4.83336150544273E+0002	 5.56068750000000E+0002	 3.24284000000000E+0002	 1.75890000000000E+0001	 4.95527000000000E+0002	 2.49970000000000E+0001	 6.48311000000000E-0003	-3.81472000000000E-0005	 5.89373636363636E+0000	-1.13737000000000E+0001	-4.29000000000000E+0001
 4.85008154947067E+0002	 5.55962500000000E+0002	 3.24420000000000E+0002	 1.75780000000000E+0001	 4.95433000000000E+0002	 2.50050000000000E+0001	 6.48311000000000E-0003	-3.81472000000000E-0005	 5.89373636363636E+0000	-1.14128400000000E+0001	-4.29000000000000E+0001
 4.86681153330940E+0002	 5.55962500000000E+0002	 3.24255000000000E+0002	 1.75920000000000E+0001	 4.95601000000000E+0002	 2.49950000000000E+0001	 6.48311000000000E-0003	-3.81472000000000E-0005	 5.89373636363636E+0000	-1.14523700000000E+0001	-4.29000000000000E+0001
 4.88352178279642E+0002	 5.55962500000000E+0002	 3.24374000000000E+0002	 1.75820000000000E+0001	 4.95532000000000E+0002	 2.49990000000000E+0001	 6.48311000000000E-0003	-3.81472000000000E-0005	 5.89373636363636E+0000	-1.14911300000000E+0001	-4.29000000000000E+0001
 4.90004653943448E+0002	 5.55803125000000E+0002	 3.24394000000000E+0002	 1.75800000000000E+0001	 4.95402000000000E+0002	 2.50070000000000E+0001	 6.48311000000000E-0003	-3.81472000000000E-0005	 5.89373636363636E+0000	-1.15302800000000E+0001	-4.29000000000000E+0001
 4.91675699844533E+0002	 5.55909375000000E+0002	 3.24366000000000E+0002	 1.75820000000000E+0001	 4.95545000000000E+0002	 2.49960000000000E+0001	 6.48311000000000E-0003	-3.81472000000000E-0005	 5.89373636363636E+0000	-1.15698000000000E+0001	-4.29000000000000E+0001
 4.93350629758810E+0002	 5.55856250000000E+0002	 3.24441000000000E+0002	 1.75760000000000E+0001	 4.95540000000000E+0002	 2.49990000000000E+0001	 6.48311000000000E-0003	-3.62399000000000E-0005	 5.89373636363636E+0000	-1.16093200000000E+0001	-4.29000000000000E+0001
 4.95029480562474E+0002	 5.56068750000000E+0002	 3.24539000000000E+0002	 1.75680000000000E+0001	 4.95592000000000E+0002	 2.49950000000000E+0001	 6.48311000000000E-0003	-3.81472000000000E-0005	 5.89373636363636E+0000	-1.16488400000000E+0001	-4.29000000000000E+0001
 4.96703451975042E+0002	 5.56015625000000E+0002	 3.24651000000000E+0002	 1.75590000000000E+0001	 4.95304000000000E+0002	 2.50140000000000E+0001	 6.48311000000000E-0003	-3.81472000000000E-0005	 5.89373636363636E+0000	-1.16879900000000E+0001	-4.29000000000000E+0001
 4.98374479158664E+0002	 5.56068750000000E+0002	 3.24646000000000E+0002	 1.75590000000000E+0001	 4.95291000000000E+0002	 2.50130000000000E+0001	 6.48502000000000E-0003	-3.81472000000000E-0005	 5.89547272727273E+0000	-1.17275100000000E+0001	-4.29000000000000E+0001
 5.00051368539856E+0002	 5.56121875000000E+0002	 3.24682000000000E+0002	 1.75560000000000E+0001	 4.95367000000000E+0002	 2.50090000000000E+0001	 6.48311000000000E-0003	-3.62399000000000E-0005	 5.89373636363636E+0000	-1.17666500000000E+0001	-4.29000000000000E+0001
 5.01721435545579E+0002	 5.55962500000000E+0002	 3.24846000000000E+0002	 1.75400000000000E+0001	 4.95589000000000E+0002	 2.49950000000000E+0001	 6.48311000000000E-0003	-3.81472000000000E-0005	 5.89373636363636E+0000	-1.18061700000000E+0001	-4.29000000000000E+0001
 5.03400271263527E+0002	 5.56015625000000E+0002	 3.24721000000000E+0002	 1.75530000000000E+0001	 4.95719000000000E+0002	 2.49880000000000E+0001	 6.48311000000000E-0003	-3.81472000000000E-0005	 5.89373636363636E+0000	-1.18456900000000E+0001	-4.29000000000000E+0001
 5.05077172657419E+0002	 5.56015625000000E+0002	 3.24622000000000E+0002	 1.75610000000000E+0001	 4.95791000000000E+0002	 2.49840000000000E+0001	 6.48311000000000E-0003	-3.81472000000000E-0005	 5.89373636363636E+0000	-1.18848400000000E+0001	-4.29000000000000E+0001
 5.06744312196103E+0002	 5.56175000000000E+0002	 3.24830000000000E+0002	 1.75430000000000E+0001	 4.95654000000000E+0002	 2.49920000000000E+0001	 6.48311000000000E-0003	-3.81472000000000E-0005	 5.89373636363636E+0000	-1.19236000000000E+0001	-4.29000000000000E+0001
 5.08396772494828E+0002	 5.56068750000000E+0002	 3.24796000000000E+0002	 1.75460000000000E+0001	 4.95377000000000E+0002	 2.50080000000000E+0001	 6.48502000000000E-0003	-3.81472000000000E-0005	 5.89547272727273E+0000	-1.19631200000000E+0001	-4.29000000000000E+0001
 5.10071711069424E+0002	 5.56121875000000E+0002	 3.24830000000000E+0002	 1.75450000000000E+0001	 4.95312000000000E+0002	 2.50130000000000E+0001	 6.48502000000000E-0003	-3.81472000000000E-0005	 5.89547272727273E+0000	-1.20022700000000E+0001	-4.29000000000000E+0001
 5.11746654113861E+0002	 5.56068750000000E+0002	 3.24789000000000E+0002	 1.75470000000000E+0001	 4.95329000000000E+0002	 2.50110000000000E+0001	 6.48311000000000E-0003	-3.62399000000000E-0005	 5.89373636363636E+0000	-1.20417900000000E+0001	-4.29000000000000E+0001
 5.13420624688333E+0002	 5.54368750000000E+0002	 3.24734000000000E+0002	 1.75520000000000E+0001	 4.95545000000000E+0002	 2.49980000000000E+0001	 6.48502000000000E-0003	-3.81472000000000E-0005	 5.89547272727273E+0000	-1.20809300000000E+0001	-4.29000000000000E+0001
 5.15085796099784E+0002	 5.54368750000000E+0002	 3.24714000000000E+0002	 1.75530000000000E+0001	 4.95594000000000E+0002	 2.49950000000000E+0001	 6.48502000000000E-0003	-3.81472000000000E-0005	 5.89547272727273E+0000	-1.21200800000000E+0001	-4.29000000000000E+0001
 5.16739253731969E+0002	 5.54315625000000E+0002	 3.24848000000000E+0002	 1.75420000000000E+0001	 4.95768000000000E+0002	 2.49850000000000E+0001	 6.48502000000000E-0003	-3.81472000000000E-0005	 5.89547272727273E+0000	-1.21592200000000E+0001	-4.29000000000000E+0001
 5.18415167011450E+0002	 5.54315625000000E+0002	 3.24942000000000E+0002	 1.75370000000000E+0001	 4.95661000000000E+0002	 2.49890000000000E+0001	 6.48502000000000E-0003	-3.81472000000000E-0005	 5.89547272727273E+0000	-1.21987500000000E+0001	-4.29000000000000E+0001
 5.20088159528655E+0002	 5.54156250000000E+0002	 3.24711000000000E+0002	 1.75530000000000E+0001	 4.95723000000000E+0002	 2.49880000000000E+0001	 6.48502000000000E-0003	-3.62399000000000E-0005	 5.89547272727273E+0000	-1.22382700000000E+0001	-4.29000000000000E+0001
 5.21765058966992E+0002	 5.54368750000000E+0002	 3.24760000000000E+0002	 1.75490000000000E+0001	 4.95421000000000E+0002	 2.50050000000000E+0001	 6.48502000000000E-0003	-3.81472000000000E-0005	 5.89547272727273E+0000	-1.22774100000000E+0001	-4.29000000000000E+0001
 5.23438040309592E+0002	 5.54368750000000E+0002	 3.25011000000000E+0002	 1.75280000000000E+0001	 4.95302000000000E+0002	 2.50140000000000E+0001	 6.48502000000000E-0003	-3.62399000000000E-0005	 5.89547272727273E+0000	-1.23169300000000E+0001	-4.29000000000000E+0001
 5.25113959176376E+0002	 5.54421875000000E+0002	 3.24717000000000E+0002	 1.75530000000000E+0001	 4.95459000000000E+0002	 2.50030000000000E+0001	 6.48502000000000E-0003	-3.81472000000000E-0005	 5.89547272727273E+0000	-1.23564500000000E+0001	-4.29000000000000E+0001
 5.26792804672102E+0002	 5.54315625000000E+0002	 3.24850000000000E+0002	 1.75420000000000E+0001	 4.95594000000000E+0002	 2.49950000000000E+0001	 6.48502000000000E-0003	-3.81472000000000E-0005	 5.89547272727273E+0000	-1.23959700000000E+0001	-4.29000000000000E+0001
 5.28465788528989E+0002	 5.54368750000000E+0002	 3.24863000000000E+0002	 1.75410000000000E+0001	 4.95360000000000E+0002	 2.50070000000000E+0001	 6.48502000000000E-0003	-3.62399000000000E-0005	 5.89547272727273E+0000	-1.24351200000000E+0001	-4.29000000000000E+0001
 5.30135853020426E+0002	 5.54368750000000E+0002	 3.24949000000000E+0002	 1.75340000000000E+0001	 4.95372000000000E+0002	 2.50080000000000E+0001	 6.48502000000000E-0003	-3.62399000000000E-0005	 5.89547272727273E+0000	-1.24742600000000E+0001	-4.29000000000000E+0001
 5.31808839112234E+0002	 5.54421875000000E+0002	 3.24802000000000E+0002	 1.75460000000000E+0001	 4.95441000000000E+0002	 2.50040000000000E+0001	 6.48502000000000E-0003	-3.62399000000000E-0005	 5.89547272727273E+0000	-1.25137800000000E+0001	-4.29000000000000E+0001
 5.33477915489259E+0002	 5.54581250000000E+0002	 3.24990000000000E+0002	 1.75310000000000E+0001	 4.95670000000000E+0002	 2.49910000000000E+0001	 6.48502000000000E-0003	-3.81472000000000E-0005	 5.89547272727273E+0000	-1.25525500000000E+0001	-4.29000000000000E+0001
 5.35130397578463E+0002	 5.54421875000000E+0002	 3.24984000000000E+0002	 1.75310000000000E+0001	 4.95572000000000E+0002	 2.49970000000000E+0001	 6.48502000000000E-0003	-3.81472000000000E-0005	 5.89547272727273E+0000	-1.25920700000000E+0001	-4.29000000000000E+0001
 5.36807294223148E+0002	 5.54209375000000E+0002	 3.25094000000000E+0002	 1.75220000000000E+0001	 4.95579000000000E+0002	 2.50000000000000E+0001	 6.48502000000000E-0003	-3.62399000000000E-0005	 5.89547272727273E+0000	-1.26312100000000E+0001	-4.29000000000000E+0001
 5.38480276683210E+0002	 5.54368750000000E+0002	 3.24892000000000E+0002	 1.75380000000000E+0001	 4.95546000000000E+0002	 2.49980000000000E+0001	 6.48692000000000E-0003	-3.81472000000000E-0005	 5.89720000000000E+0000	-1.26707400000000E+0001	-4.29000000000000E+0001
 5.40147407840941E+0002	 5.54156250000000E+0002	 3.25028000000000E+0002	 1.75270000000000E+0001	 4.95667000000000E+0002	 2.49910000000000E+0001	 6.48502000000000E-0003	-3.62399000000000E-0005	 5.89547272727273E+0000	-1.27102600000000E+0001	-4.29000000000000E+0001
 5.41822348091727E+0002	 5.54156250000000E+0002	 3.25050000000000E+0002	 1.75260000000000E+0001	 4.95481000000000E+0002	 2.50020000000000E+0001	 6.48502000000000E-0003	-3.62399000000000E-0005	 5.89547272727273E+0000	-1.27486500000000E+0001	-4.29000000000000E+0001
 5.43474825152359E+0002	 5.54156250000000E+0002	 3.25056000000000E+0002	 1.75250000000000E+0001	 4.95404000000000E+0002	 2.50060000000000E+0001	 6.48502000000000E-0003	-3.81472000000000E-0005	 5.89547272727273E+0000	-1.27886800000000E+0001	-4.29000000000000E+0001
 5.45149766520605E+0002	 5.54209375000000E+0002	 3.25211000000000E+0002	 1.75140000000000E+0001	 4.95522000000000E+0002	 2.49980000000000E+0001	 6.48502000000000E-0003	-3.81472000000000E-0005	 5.89547272727273E+0000	-1.28276900000000E+0001	-4.29000000000000E+0001
 5.46823728993489E+0002	 5.54262500000000E+0002	 3.25068000000000E+0002	 1.75240000000000E+0001	 4.95506000000000E+0002	 2.50000000000000E+0001	 6.48502000000000E-0003	-3.62399000000000E-0005	 5.89547272727273E+0000	-1.28672100000000E+0001	-4.29000000000000E+0001
 5.48498670361736E+0002	 5.54262500000000E+0002	 3.25098000000000E+0002	 1.75220000000000E+0001	 4.95582000000000E+0002	 2.49960000000000E+0001	 6.48502000000000E-0003	-3.81472000000000E-0005	 5.89547272727273E+0000	-1.29063500000000E+0001	-4.29000000000000E+0001
 5.50175564771500E+0002	 5.54209375000000E+0002	 3.25237000000000E+0002	 1.75120000000000E+0001	 4.95472000000000E+0002	 2.50010000000000E+0001	 6.48502000000000E-0003	-3.81472000000000E-0005	 5.89547272727273E+0000	-1.29458700000000E+0001	-4.29000000000000E+0001
 5.51846603129727E+0002	 5.54262500000000E+0002	 3.25291000000000E+0002	 1.75080000000000E+0001	 4.95443000000000E+0002	 2.50040000000000E+0001	 6.48502000000000E-0003	-3.62399000000000E-0005	 5.89547272727273E+0000	-1.29850200000000E+0001	-4.29000000000000E+0001
