Data recorded as Sample1: B00KOD1A_MR_AB_
Osc Amp:  1.10000000000000E+0000	Osc Freq:  3.36600000000000E+0001	Phase:  0.00000000000000E+0000	Time Constant: 9	Conductance Ratio:  1.00000000000000E-0003	Current:  1.10000000000000E-0003
Time(s)	HeLevel(mm)	VTIRes(Ohms)	VTITemp(K)	ProbeRes(Ohms)	ProbeTemp(K)	X(V)	Y(V)	Resistance(Ohms)	Field(T)	Angle(°)
 2.68525469019107E-0001	 5.46665625000000E+0002	 3.25352000000000E+0002	 1.75040000000000E+0001	 4.95591000000000E+0002	 2.49960000000000E+0001	 6.48502000000000E-0003	-3.62399000000000E-0005	 5.89547272727273E+0000	-1.29890900000000E+0001	-4.29000000000000E+0001
 1.94835321248930E+0000	 5.46612500000000E+0002	 3.25462000000000E+0002	 1.74970000000000E+0001	 4.95593000000000E+0002	 2.49950000000000E+0001	 6.48502000000000E-0003	-3.81472000000000E-0005	 5.89547272727273E+0000	-1.29495600000000E+0001	-4.29000000000000E+0001
 3.62134992017142E+0000	 5.46718750000000E+0002	 3.25493000000000E+0002	 1.74940000000000E+0001	 4.95555000000000E+0002	 2.49970000000000E+0001	 6.48502000000000E-0003	-3.81472000000000E-0005	 5.89547272727273E+0000	-1.29096700000000E+0001	-4.29000000000000E+0001
 5.31190723960727E+0000	 5.46718750000000E+0002	 3.25404000000000E+0002	 1.75010000000000E+0001	 4.95505000000000E+0002	 2.50010000000000E+0001	 6.48502000000000E-0003	-3.81472000000000E-0005	 5.89547272727273E+0000	-1.28705200000000E+0001	-4.29000000000000E+0001
 6.98197117231380E+0000	 5.46665625000000E+0002	 3.25300000000000E+0002	 1.75080000000000E+0001	 4.95362000000000E+0002	 2.50090000000000E+0001	 6.48692000000000E-0003	-3.62399000000000E-0005	 5.89720000000000E+0000	-1.28310000000000E+0001	-4.29000000000000E+0001
 8.65886586144328E+0000	 5.46771875000000E+0002	 3.25304000000000E+0002	 1.75080000000000E+0001	 4.95440000000000E+0002	 2.50030000000000E+0001	 6.48502000000000E-0003	-3.81472000000000E-0005	 5.89547272727273E+0000	-1.27914800000000E+0001	-4.29000000000000E+0001
 1.03396660748782E+0001	 5.46240625000000E+0002	 3.25418000000000E+0002	 1.75000000000000E+0001	 4.95499000000000E+0002	 2.50010000000000E+0001	 6.48502000000000E-0003	-3.81472000000000E-0005	 5.89547272727273E+0000	-1.27523400000000E+0001	-4.29000000000000E+0001
 1.19989727744727E+0001	 5.46400000000000E+0002	 3.25492000000000E+0002	 1.74940000000000E+0001	 4.95737000000000E+0002	 2.49870000000000E+0001	 6.48502000000000E-0003	-3.81472000000000E-0005	 5.89547272727273E+0000	-1.27128200000000E+0001	-4.29000000000000E+0001
 1.36709849994901E+0001	 5.46240625000000E+0002	 3.25361000000000E+0002	 1.75030000000000E+0001	 4.95483000000000E+0002	 2.50020000000000E+0001	 6.48502000000000E-0003	-3.62399000000000E-0005	 5.89547272727273E+0000	-1.26740500000000E+0001	-4.29000000000000E+0001
 1.53303132101985E+0001	 5.46134375000000E+0002	 3.25465000000000E+0002	 1.74960000000000E+0001	 4.95562000000000E+0002	 2.49970000000000E+0001	 6.48502000000000E-0003	-3.81472000000000E-0005	 5.89547272727273E+0000	-1.26345300000000E+0001	-4.29000000000000E+0001
 1.69984098537663E+0001	 5.46453125000000E+0002	 3.25260000000000E+0002	 1.75120000000000E+0001	 4.95444000000000E+0002	 2.50040000000000E+0001	 6.48692000000000E-0003	-3.62399000000000E-0005	 5.89720000000000E+0000	-1.25953800000000E+0001	-4.29000000000000E+0001
 1.86752986762284E+0001	 5.46400000000000E+0002	 3.25230000000000E+0002	 1.75120000000000E+0001	 4.95411000000000E+0002	 2.50060000000000E+0001	 6.48502000000000E-0003	-3.81472000000000E-0005	 5.89547272727273E+0000	-1.25558600000000E+0001	-4.29000000000000E+0001
 2.03473139742621E+0001	 5.46293750000000E+0002	 3.25455000000000E+0002	 1.74970000000000E+0001	 4.95574000000000E+0002	 2.49970000000000E+0001	 6.48502000000000E-0003	-3.62399000000000E-0005	 5.89547272727273E+0000	-1.25167200000000E+0001	-4.29000000000000E+0001
 2.20183540086799E+0001	 5.46187500000000E+0002	 3.25203000000000E+0002	 1.75130000000000E+0001	 4.95692000000000E+0002	 2.49910000000000E+0001	 6.48502000000000E-0003	-3.62399000000000E-0005	 5.89547272727273E+0000	-1.24772000000000E+0001	-4.29000000000000E+0001
 2.36991511490986E+0001	 5.46346875000000E+0002	 3.25209000000000E+0002	 1.75140000000000E+0001	 4.95551000000000E+0002	 2.49980000000000E+0001	 6.48502000000000E-0003	-3.62399000000000E-0005	 5.89547272727273E+0000	-1.24376800000000E+0001	-4.29000000000000E+0001
 2.53750792349307E+0001	 5.46346875000000E+0002	 3.25343000000000E+0002	 1.75050000000000E+0001	 4.95489000000000E+0002	 2.50010000000000E+0001	 6.48502000000000E-0003	-3.62399000000000E-0005	 5.89547272727273E+0000	-1.23981600000000E+0001	-4.29000000000000E+0001
 2.70539068512898E+0001	 5.46240625000000E+0002	 3.25234000000000E+0002	 1.75120000000000E+0001	 4.95485000000000E+0002	 2.50010000000000E+0001	 6.48502000000000E-0003	-3.81472000000000E-0005	 5.89547272727273E+0000	-1.23590100000000E+0001	-4.29000000000000E+0001
 2.87151738558951E+0001	 5.46293750000000E+0002	 3.25337000000000E+0002	 1.75050000000000E+0001	 4.95417000000000E+0002	 2.50060000000000E+0001	 6.48502000000000E-0003	-3.81472000000000E-0005	 5.89547272727273E+0000	-1.23198700000000E+0001	-4.29000000000000E+0001
 3.03891461065582E+0001	 5.46400000000000E+0002	 3.25265000000000E+0002	 1.75100000000000E+0001	 4.95546000000000E+0002	 2.49980000000000E+0001	 6.48502000000000E-0003	-3.81472000000000E-0005	 5.89547272727273E+0000	-1.22803500000000E+0001	-4.29000000000000E+0001
 3.20709151582114E+0001	 5.46240625000000E+0002	 3.25352000000000E+0002	 1.75030000000000E+0001	 4.95571000000000E+0002	 2.49970000000000E+0001	 6.48502000000000E-0003	-3.62399000000000E-0005	 5.89547272727273E+0000	-1.22408200000000E+0001	-4.29000000000000E+0001
 3.37429298975149E+0001	 5.46453125000000E+0002	 3.25299000000000E+0002	 1.75080000000000E+0001	 4.95555000000000E+0002	 2.49980000000000E+0001	 6.48502000000000E-0003	-3.81472000000000E-0005	 5.89547272727273E+0000	-1.22013000000000E+0001	-4.29000000000000E+0001
 3.54159190623389E+0001	 5.46346875000000E+0002	 3.25227000000000E+0002	 1.75130000000000E+0001	 4.95548000000000E+0002	 2.49980000000000E+0001	 6.48502000000000E-0003	-3.81472000000000E-0005	 5.89547272727273E+0000	-1.21621600000000E+0001	-4.29000000000000E+0001
 3.70937867801634E+0001	 5.46293750000000E+0002	 3.25271000000000E+0002	 1.75100000000000E+0001	 4.95333000000000E+0002	 2.50110000000000E+0001	 6.48502000000000E-0003	-3.62399000000000E-0005	 5.89547272727273E+0000	-1.21233900000000E+0001	-4.29000000000000E+0001
 3.87384477636124E+0001	 5.46240625000000E+0002	 3.25289000000000E+0002	 1.75080000000000E+0001	 4.95388000000000E+0002	 2.50070000000000E+0001	 6.48502000000000E-0003	-3.81472000000000E-0005	 5.89547272727273E+0000	-1.20842500000000E+0001	-4.29000000000000E+0001
 4.04075302866705E+0001	 5.46453125000000E+0002	 3.25144000000000E+0002	 1.75180000000000E+0001	 4.95608000000000E+0002	 2.49940000000000E+0001	 6.48502000000000E-0003	-3.62399000000000E-0005	 5.89547272727273E+0000	-1.20447300000000E+0001	-4.29000000000000E+0001
 4.20834536232957E+0001	 5.46400000000000E+0002	 3.25286000000000E+0002	 1.75090000000000E+0001	 4.95631000000000E+0002	 2.49930000000000E+0001	 6.48502000000000E-0003	-3.62399000000000E-0005	 5.89547272727273E+0000	-1.20052100000000E+0001	-4.29000000000000E+0001
 4.37564419500244E+0001	 5.46240625000000E+0002	 3.25181000000000E+0002	 1.75160000000000E+0001	 4.95571000000000E+0002	 2.49970000000000E+0001	 6.48502000000000E-0003	-3.81472000000000E-0005	 5.89547272727273E+0000	-1.19660600000000E+0001	-4.29000000000000E+0001
 4.54372650713987E+0001	 5.46293750000000E+0002	 3.25342000000000E+0002	 1.75040000000000E+0001	 4.95639000000000E+0002	 2.49960000000000E+0001	 6.48311000000000E-0003	-3.62399000000000E-0005	 5.89373636363636E+0000	-1.19265400000000E+0001	-4.29000000000000E+0001
 4.71102249028857E+0001	 5.46346875000000E+0002	 3.25234000000000E+0002	 1.75120000000000E+0001	 4.95434000000000E+0002	 2.50050000000000E+0001	 6.48502000000000E-0003	-3.62399000000000E-0005	 5.89547272727273E+0000	-1.18870200000000E+0001	-4.29000000000000E+0001
 4.87812649373035E+0001	 5.46453125000000E+0002	 3.25185000000000E+0002	 1.75160000000000E+0001	 4.95491000000000E+0002	 2.50010000000000E+0001	 6.48311000000000E-0003	-3.62399000000000E-0005	 5.89373636363636E+0000	-1.18475000000000E+0001	-4.29000000000000E+0001
 5.04591410360814E+0001	 5.46346875000000E+0002	 3.25149000000000E+0002	 1.75180000000000E+0001	 4.95479000000000E+0002	 2.50020000000000E+0001	 6.48311000000000E-0003	-3.81472000000000E-0005	 5.89373636363636E+0000	-1.18087300000000E+0001	-4.29000000000000E+0001
 5.21067311627595E+0001	 5.46134375000000E+0002	 3.25097000000000E+0002	 1.75220000000000E+0001	 4.95564000000000E+0002	 2.49970000000000E+0001	 6.48311000000000E-0003	-3.81472000000000E-0005	 5.89373636363636E+0000	-1.17695900000000E+0001	-4.29000000000000E+0001
 5.37875277444480E+0001	 5.46506250000000E+0002	 3.25108000000000E+0002	 1.75210000000000E+0001	 4.95676000000000E+0002	 2.49930000000000E+0001	 6.48311000000000E-0003	-3.62399000000000E-0005	 5.89373636363636E+0000	-1.17300700000000E+0001	-4.29000000000000E+0001
 5.54654080337026E+0001	 5.46293750000000E+0002	 3.25168000000000E+0002	 1.75170000000000E+0001	 4.95643000000000E+0002	 2.49920000000000E+0001	 6.48311000000000E-0003	-3.81472000000000E-0005	 5.89373636363636E+0000	-1.16909200000000E+0001	-4.29000000000000E+0001
 5.71286213750630E+0001	 5.46559375000000E+0002	 3.25013000000000E+0002	 1.75280000000000E+0001	 4.95458000000000E+0002	 2.50030000000000E+0001	 6.48311000000000E-0003	-3.81472000000000E-0005	 5.89373636363636E+0000	-1.16514000000000E+0001	-4.29000000000000E+0001
 5.87957444312056E+0001	 5.46293750000000E+0002	 3.25022000000000E+0002	 1.75270000000000E+0001	 4.95539000000000E+0002	 2.49990000000000E+0001	 6.48311000000000E-0003	-3.62399000000000E-0005	 5.89373636363636E+0000	-1.16126300000000E+0001	-4.29000000000000E+0001
 6.04521412637640E+0001	 5.46293750000000E+0002	 3.25213000000000E+0002	 1.75140000000000E+0001	 4.95507000000000E+0002	 2.50000000000000E+0001	 6.48311000000000E-0003	-3.81472000000000E-0005	 5.89373636363636E+0000	-1.15731100000000E+0001	-4.29000000000000E+0001
 6.21260950763295E+0001	 5.46187500000000E+0002	 3.24945000000000E+0002	 1.75340000000000E+0001	 4.95615000000000E+0002	 2.49970000000000E+0001	 6.48502000000000E-0003	-3.62399000000000E-0005	 5.89547272727273E+0000	-1.15339700000000E+0001	-4.29000000000000E+0001
 6.37961564947500E+0001	 5.46134375000000E+0002	 3.25091000000000E+0002	 1.75230000000000E+0001	 4.95277000000000E+0002	 2.50140000000000E+0001	 6.48311000000000E-0003	-3.81472000000000E-0005	 5.89373636363636E+0000	-1.14944500000000E+0001	-4.29000000000000E+0001
 6.54779386765636E+0001	 5.46400000000000E+0002	 3.24959000000000E+0002	 1.75330000000000E+0001	 4.95375000000000E+0002	 2.50080000000000E+0001	 6.48311000000000E-0003	-3.62399000000000E-0005	 5.89373636363636E+0000	-1.14549300000000E+0001	-4.29000000000000E+0001
 6.71489678157419E+0001	 5.46240625000000E+0002	 3.25016000000000E+0002	 1.75260000000000E+0001	 4.95628000000000E+0002	 2.49920000000000E+0001	 6.48311000000000E-0003	-3.81472000000000E-0005	 5.89373636363636E+0000	-1.14157800000000E+0001	-4.29000000000000E+0001
 6.88229341997377E+0001	 5.46453125000000E+0002	 3.24952000000000E+0002	 1.75340000000000E+0001	 4.95763000000000E+0002	 2.49860000000000E+0001	 6.48502000000000E-0003	-3.81472000000000E-0005	 5.89547272727273E+0000	-1.13762600000000E+0001	-4.29000000000000E+0001
 7.04920153259702E+0001	 5.63290322580645E+0002	 3.25003000000000E+0002	 1.75290000000000E+0001	 4.95631000000000E+0002	 2.49930000000000E+0001	 6.48311000000000E-0003	-3.62399000000000E-0005	 5.89373636363636E+0000	-1.13371200000000E+0001	-4.29000000000000E+0001
 7.21649989034919E+0001	 5.63290322580645E+0002	 3.24901000000000E+0002	 1.75380000000000E+0001	 4.95620000000000E+0002	 2.49940000000000E+0001	 6.48311000000000E-0003	-3.81472000000000E-0005	 5.89373636363636E+0000	-1.12983500000000E+0001	-4.29000000000000E+0001
 7.38155248781619E+0001	 5.63145161290323E+0002	 3.24876000000000E+0002	 1.75400000000000E+0001	 4.95484000000000E+0002	 2.50020000000000E+0001	 6.48311000000000E-0003	-3.81472000000000E-0005	 5.89373636363636E+0000	-1.12592000000000E+0001	-4.29000000000000E+0001
 7.54826563152579E+0001	 5.63096774193548E+0002	 3.24907000000000E+0002	 1.75370000000000E+0001	 4.95437000000000E+0002	 2.50070000000000E+0001	 6.48311000000000E-0003	-3.81472000000000E-0005	 5.89373636363636E+0000	-1.12196800000000E+0001	-4.29000000000000E+0001
 7.71634509413906E+0001	 5.63290322580645E+0002	 3.24717000000000E+0002	 1.75530000000000E+0001	 4.95368000000000E+0002	 2.50080000000000E+0001	 6.48311000000000E-0003	-3.62399000000000E-0005	 5.89373636363636E+0000	-1.11801600000000E+0001	-4.29000000000000E+0001
 7.88364392681193E+0001	 5.63193548387097E+0002	 3.24824000000000E+0002	 1.75440000000000E+0001	 4.95480000000000E+0002	 2.50020000000000E+0001	 6.48311000000000E-0003	-3.81472000000000E-0005	 5.89373636363636E+0000	-1.11406400000000E+0001	-4.29000000000000E+0001
 8.05123592523631E+0001	 5.63290322580645E+0002	 3.24842000000000E+0002	 1.75420000000000E+0001	 4.95595000000000E+0002	 2.49950000000000E+0001	 6.48311000000000E-0003	-3.81472000000000E-0005	 5.89373636363636E+0000	-1.11011200000000E+0001	-4.29000000000000E+0001
 8.21892505891112E+0001	 5.63096774193548E+0002	 3.24692000000000E+0002	 1.75550000000000E+0001	 4.95586000000000E+0002	 2.49960000000000E+0001	 6.48311000000000E-0003	-3.62399000000000E-0005	 5.89373636363636E+0000	-1.10619800000000E+0001	-4.29000000000000E+0001
 8.38593025091178E+0001	 5.63338709677419E+0002	 3.24747000000000E+0002	 1.75500000000000E+0001	 4.95548000000000E+0002	 2.49980000000000E+0001	 6.48311000000000E-0003	-3.81472000000000E-0005	 5.89373636363636E+0000	-1.10224600000000E+0001	-4.29000000000000E+0001
 8.55381589000837E+0001	 5.63096774193548E+0002	 3.24862000000000E+0002	 1.75410000000000E+0001	 4.95504000000000E+0002	 2.50010000000000E+0001	 6.48311000000000E-0003	-3.81472000000000E-0005	 5.89373636363636E+0000	-1.09836900000000E+0001	-4.29000000000000E+0001
 8.71925811800103E+0001	 5.63290322580645E+0002	 3.24501000000000E+0002	 1.75710000000000E+0001	 4.95378000000000E+0002	 2.50080000000000E+0001	 6.48311000000000E-0003	-3.81472000000000E-0005	 5.89373636363636E+0000	-1.09445400000000E+0001	-4.29000000000000E+0001
 8.88597193218691E+0001	 5.63145161290323E+0002	 3.24626000000000E+0002	 1.75610000000000E+0001	 4.95430000000000E+0002	 2.50040000000000E+0001	 6.48311000000000E-0003	-3.62399000000000E-0005	 5.89373636363636E+0000	-1.09050200000000E+0001	-4.29000000000000E+0001
 9.05346581758296E+0001	 5.63241935483871E+0002	 3.24476000000000E+0002	 1.75730000000000E+0001	 4.95580000000000E+0002	 2.49960000000000E+0001	 6.48311000000000E-0003	-3.81472000000000E-0005	 5.89373636363636E+0000	-1.08655000000000E+0001	-4.29000000000000E+0001
 9.22096009409017E+0001	 5.63290322580645E+0002	 3.24551000000000E+0002	 1.75670000000000E+0001	 4.95579000000000E+0002	 2.49960000000000E+0001	 6.48311000000000E-0003	-3.81472000000000E-0005	 5.89373636363636E+0000	-1.08263600000000E+0001	-4.29000000000000E+0001
 9.38825931787420E+0001	 5.62951612903226E+0002	 3.24534000000000E+0002	 1.75670000000000E+0001	 4.95404000000000E+0002	 2.50090000000000E+0001	 6.48311000000000E-0003	-3.81472000000000E-0005	 5.89373636363636E+0000	-1.07868400000000E+0001	-4.29000000000000E+0001
 9.55604589410107E+0001	 5.63145161290323E+0002	 3.24527000000000E+0002	 1.75690000000000E+0001	 4.95313000000000E+0002	 2.50120000000000E+0001	 6.48311000000000E-0003	-3.62399000000000E-0005	 5.89373636363636E+0000	-1.07473200000000E+0001	-4.29000000000000E+0001
 9.72344236488157E+0001	 5.63145161290323E+0002	 3.24633000000000E+0002	 1.75600000000000E+0001	 4.95487000000000E+0002	 2.50020000000000E+0001	 6.48311000000000E-0003	-3.81472000000000E-0005	 5.89373636363636E+0000	-1.07081700000000E+0001	-4.29000000000000E+0001
 9.88995970158218E+0001	 5.63145161290323E+0002	 3.24422000000000E+0002	 1.75780000000000E+0001	 4.95636000000000E+0002	 2.49930000000000E+0001	 6.48311000000000E-0003	-3.62399000000000E-0005	 5.89373636363636E+0000	-1.06694000000000E+0001	-4.29000000000000E+0001
 1.00553050457530E+0002	 5.63096774193548E+0002	 3.24478000000000E+0002	 1.75730000000000E+0001	 4.95757000000000E+0002	 2.49860000000000E+0001	 6.48311000000000E-0003	-3.81472000000000E-0005	 5.89373636363636E+0000	-1.06298800000000E+0001	-4.29000000000000E+0001
 1.02226041019179E+0002	 5.63290322580645E+0002	 3.24517000000000E+0002	 1.75720000000000E+0001	 4.95690000000000E+0002	 2.49880000000000E+0001	 6.48311000000000E-0003	-3.81472000000000E-0005	 5.89373636363636E+0000	-1.05907400000000E+0001	-4.29000000000000E+0001
 1.03898049891815E+0002	 5.63338709677419E+0002	 3.24463000000000E+0002	 1.75740000000000E+0001	 4.95582000000000E+0002	 2.49960000000000E+0001	 6.48311000000000E-0003	-3.81472000000000E-0005	 5.89373636363636E+0000	-1.05512200000000E+0001	-4.29000000000000E+0001
 1.05571040453465E+0002	 5.63338709677419E+0002	 3.24492000000000E+0002	 1.75720000000000E+0001	 4.95466000000000E+0002	 2.50030000000000E+0001	 6.48311000000000E-0003	-3.62399000000000E-0005	 5.89373636363636E+0000	-1.05120700000000E+0001	-4.29000000000000E+0001
 1.07241089021090E+0002	 5.63241935483871E+0002	 3.24284000000000E+0002	 1.75890000000000E+0001	 4.95277000000000E+0002	 2.50140000000000E+0001	 6.48311000000000E-0003	-3.62399000000000E-0005	 5.89373636363636E+0000	-1.04733100000000E+0001	-4.29000000000000E+0001
 1.08902363009823E+0002	 5.63145161290323E+0002	 3.24460000000000E+0002	 1.75750000000000E+0001	 4.95382000000000E+0002	 2.50080000000000E+0001	 6.48311000000000E-0003	-3.81472000000000E-0005	 5.89373636363636E+0000	-1.04337900000000E+0001	-4.29000000000000E+0001
 1.10566561951309E+0002	 5.63096774193548E+0002	 3.24370000000000E+0002	 1.75810000000000E+0001	 4.95489000000000E+0002	 2.50020000000000E+0001	 6.48311000000000E-0003	-3.81472000000000E-0005	 5.89373636363636E+0000	-1.03942600000000E+0001	-4.29000000000000E+0001
 1.12241496894158E+0002	 5.63193548387097E+0002	 3.24388000000000E+0002	 1.75810000000000E+0001	 4.95477000000000E+0002	 2.50020000000000E+0001	 6.48311000000000E-0003	-3.81472000000000E-0005	 5.89373636363636E+0000	-1.03551200000000E+0001	-4.29000000000000E+0001
 1.13919372992936E+0002	 5.63193548387097E+0002	 3.24355000000000E+0002	 1.75830000000000E+0001	 4.95471000000000E+0002	 2.50020000000000E+0001	 6.48311000000000E-0003	-3.81472000000000E-0005	 5.89373636363636E+0000	-1.03156000000000E+0001	-4.29000000000000E+0001
 1.15594316875468E+0002	 5.63290322580645E+0002	 3.24335000000000E+0002	 1.75840000000000E+0001	 4.95534000000000E+0002	 2.50010000000000E+0001	 6.48311000000000E-0003	-3.62399000000000E-0005	 5.89373636363636E+0000	-1.02760800000000E+0001	-4.29000000000000E+0001
 1.17268275157876E+0002	 5.63290322580645E+0002	 3.24230000000000E+0002	 1.75940000000000E+0001	 4.95626000000000E+0002	 2.49940000000000E+0001	 6.48311000000000E-0003	-3.62399000000000E-0005	 5.89373636363636E+0000	-1.02369300000000E+0001	-4.29000000000000E+0001
 1.18939311281182E+0002	 5.63193548387097E+0002	 3.24253000000000E+0002	 1.75920000000000E+0001	 4.95810000000000E+0002	 2.49830000000000E+0001	 6.48311000000000E-0003	-3.62399000000000E-0005	 5.89373636363636E+0000	-1.01974100000000E+0001	-4.29000000000000E+0001
 1.20612299607911E+0002	 5.63338709677419E+0002	 3.24318000000000E+0002	 1.75870000000000E+0001	 4.95791000000000E+0002	 2.49840000000000E+0001	 6.48311000000000E-0003	-3.62399000000000E-0005	 5.89373636363636E+0000	-1.01586400000000E+0001	-4.29000000000000E+0001
 1.22261846966583E+0002	 5.63241935483871E+0002	 3.24218000000000E+0002	 1.75950000000000E+0001	 4.95588000000000E+0002	 2.49960000000000E+0001	 6.48311000000000E-0003	-3.81472000000000E-0005	 5.89373636363636E+0000	-1.01191200000000E+0001	-4.29000000000000E+0001
 1.23939718874884E+0002	 5.63000000000000E+0002	 3.24337000000000E+0002	 1.75860000000000E+0001	 4.95397000000000E+0002	 2.50080000000000E+0001	 6.48311000000000E-0003	-3.62399000000000E-0005	 5.89373636363636E+0000	-1.00799800000000E+0001	-4.29000000000000E+0001
 1.25605869181697E+0002	 5.63096774193548E+0002	 3.24191000000000E+0002	 1.75970000000000E+0001	 4.95363000000000E+0002	 2.50090000000000E+0001	 6.48311000000000E-0003	-3.81472000000000E-0005	 5.89373636363636E+0000	-1.00408300000000E+0001	-4.29000000000000E+0001
 1.27275925012815E+0002	 5.63048387096774E+0002	 3.24222000000000E+0002	 1.75950000000000E+0001	 4.95520000000000E+0002	 2.50000000000000E+0001	 6.48311000000000E-0003	-3.81472000000000E-0005	 5.89373636363636E+0000	-1.00013100000000E+0001	-4.29000000000000E+0001
 1.28955751080095E+0002	 5.63145161290323E+0002	 3.24235000000000E+0002	 1.75920000000000E+0001	 4.95755000000000E+0002	 2.49860000000000E+0001	 6.48311000000000E-0003	-3.62399000000000E-0005	 5.89373636363636E+0000	-9.96179000000000E+0000	-4.29000000000000E+0001
 1.30645341237504E+0002	 5.63096774193548E+0002	 3.24121000000000E+0002	 1.76030000000000E+0001	 4.95447000000000E+0002	 2.50040000000000E+0001	 6.48311000000000E-0003	-3.62399000000000E-0005	 5.89373636363636E+0000	-9.92227000000000E+0000	-4.29000000000000E+0001
 1.32309537105973E+0002	 5.61741935483871E+0002	 3.24009000000000E+0002	 1.76130000000000E+0001	 4.95504000000000E+0002	 2.50010000000000E+0001	 6.48311000000000E-0003	-3.81472000000000E-0005	 5.89373636363636E+0000	-9.88313000000000E+0000	-4.29000000000000E+0001
 1.33979597406933E+0002	 5.61693548387097E+0002	 3.24027000000000E+0002	 1.76100000000000E+0001	 4.95508000000000E+0002	 2.50020000000000E+0001	 6.48311000000000E-0003	-3.81472000000000E-0005	 5.89373636363636E+0000	-9.84361000000000E+0000	-4.29000000000000E+0001
 1.35660396502908E+0002	 5.61693548387097E+0002	 3.24291000000000E+0002	 1.75890000000000E+0001	 4.95464000000000E+0002	 2.50030000000000E+0001	 6.48311000000000E-0003	-3.81472000000000E-0005	 5.89373636363636E+0000	-9.80409000000000E+0000	-4.29000000000000E+0001
 1.37346078621724E+0002	 5.61887096774194E+0002	 3.24071000000000E+0002	 1.76070000000000E+0001	 4.95476000000000E+0002	 2.50020000000000E+0001	 6.48311000000000E-0003	-3.81472000000000E-0005	 5.89373636363636E+0000	-9.76457000000000E+0000	-4.29000000000000E+0001
 1.39017112230744E+0002	 5.61693548387097E+0002	 3.23935000000000E+0002	 1.76190000000000E+0001	 4.95535000000000E+0002	 2.49980000000000E+0001	 6.48311000000000E-0003	-3.81472000000000E-0005	 5.89373636363636E+0000	-9.72542000000000E+0000	-4.29000000000000E+0001
 1.40686195871263E+0002	 5.61887096774194E+0002	 3.24083000000000E+0002	 1.76060000000000E+0001	 4.95699000000000E+0002	 2.49890000000000E+0001	 6.48311000000000E-0003	-3.62399000000000E-0005	 5.89373636363636E+0000	-9.68590000000000E+0000	-4.29000000000000E+0001
 1.42357226965997E+0002	 5.61693548387097E+0002	 3.23817000000000E+0002	 1.76290000000000E+0001	 4.95582000000000E+0002	 2.49960000000000E+0001	 6.48311000000000E-0003	-3.62399000000000E-0005	 5.89373636363636E+0000	-9.64676000000000E+0000	-4.29000000000000E+0001
 1.44030216130821E+0002	 5.61596774193548E+0002	 3.23971000000000E+0002	 1.76160000000000E+0001	 4.95509000000000E+0002	 2.50000000000000E+0001	 6.48311000000000E-0003	-3.62399000000000E-0005	 5.89373636363636E+0000	-9.60799000000000E+0000	-4.29000000000000E+0001
 1.45677806816229E+0002	 5.61693548387097E+0002	 3.23812000000000E+0002	 1.76290000000000E+0001	 4.95425000000000E+0002	 2.50050000000000E+0001	 6.48311000000000E-0003	-3.81472000000000E-0005	 5.89373636363636E+0000	-9.56847000000000E+0000	-4.29000000000000E+0001
 1.47353719816345E+0002	 5.61693548387097E+0002	 3.23969000000000E+0002	 1.76130000000000E+0001	 4.95518000000000E+0002	 2.50020000000000E+0001	 6.48311000000000E-0003	-3.81472000000000E-0005	 5.89373636363636E+0000	-9.52895000000000E+0000	-4.29000000000000E+0001
 1.49028665654434E+0002	 5.61596774193548E+0002	 3.23716000000000E+0002	 1.76370000000000E+0001	 4.95433000000000E+0002	 2.50050000000000E+0001	 6.48311000000000E-0003	-3.81472000000000E-0005	 5.89373636363636E+0000	-9.48980000000000E+0000	-4.29000000000000E+0001
 1.50706537842100E+0002	 5.61790322580645E+0002	 3.23791000000000E+0002	 1.76310000000000E+0001	 4.95567000000000E+0002	 2.49970000000000E+0001	 6.48311000000000E-0003	-3.81472000000000E-0005	 5.89373636363636E+0000	-9.45028000000000E+0000	-4.29000000000000E+0001
 1.52379524213273E+0002	 5.61741935483871E+0002	 3.23709000000000E+0002	 1.76370000000000E+0001	 4.95583000000000E+0002	 2.49960000000000E+0001	 6.48311000000000E-0003	-3.62399000000000E-0005	 5.89373636363636E+0000	-9.41076000000000E+0000	-4.29000000000000E+0001
 1.54055435816563E+0002	 5.61596774193548E+0002	 3.23748000000000E+0002	 1.76350000000000E+0001	 4.95448000000000E+0002	 2.50040000000000E+0001	 6.48311000000000E-0003	-3.81472000000000E-0005	 5.89373636363636E+0000	-9.37162000000000E+0000	-4.29000000000000E+0001
 1.55737231687268E+0002	 5.61887096774194E+0002	 3.23608000000000E+0002	 1.76460000000000E+0001	 4.95520000000000E+0002	 2.50000000000000E+0001	 6.48311000000000E-0003	-3.81472000000000E-0005	 5.89373636363636E+0000	-9.33210000000000E+0000	-4.29000000000000E+0001
 1.57406302476991E+0002	 5.61645161290323E+0002	 3.23687000000000E+0002	 1.76400000000000E+0001	 4.95645000000000E+0002	 2.49920000000000E+0001	 6.48311000000000E-0003	-3.62399000000000E-0005	 5.89373636363636E+0000	-9.29258000000000E+0000	-4.29000000000000E+0001
 1.59078313584548E+0002	 5.61548387096774E+0002	 3.23680000000000E+0002	 1.76400000000000E+0001	 4.95461000000000E+0002	 2.50030000000000E+0001	 6.48311000000000E-0003	-3.81472000000000E-0005	 5.89373636363636E+0000	-9.25343000000000E+0000	-4.29000000000000E+0001
 1.60747391358399E+0002	 5.61693548387097E+0002	 3.23793000000000E+0002	 1.76310000000000E+0001	 4.95567000000000E+0002	 2.49970000000000E+0001	 6.48311000000000E-0003	-3.81472000000000E-0005	 5.89373636363636E+0000	-9.21429000000000E+0000	-4.29000000000000E+0001
 1.62421357463030E+0002	 5.61645161290323E+0002	 3.23793000000000E+0002	 1.76310000000000E+0001	 4.95540000000000E+0002	 2.49990000000000E+0001	 6.48311000000000E-0003	-3.81472000000000E-0005	 5.89373636363636E+0000	-9.17514000000000E+0000	-4.29000000000000E+0001
 1.64072856745760E+0002	 5.61693548387097E+0002	 3.23713000000000E+0002	 1.76380000000000E+0001	 4.95417000000000E+0002	 2.50060000000000E+0001	 6.48311000000000E-0003	-3.81472000000000E-0005	 5.89373636363636E+0000	-9.13600000000000E+0000	-4.29000000000000E+0001
 1.65749752831715E+0002	 5.61887096774194E+0002	 3.23686000000000E+0002	 1.76380000000000E+0001	 4.95501000000000E+0002	 2.50010000000000E+0001	 6.48120000000000E-0003	-3.81472000000000E-0005	 5.89200000000000E+0000	-9.09648000000000E+0000	-4.29000000000000E+0001
 1.67419812015214E+0002	 5.61548387096774E+0002	 3.23664000000000E+0002	 1.76420000000000E+0001	 4.95557000000000E+0002	 2.49970000000000E+0001	 6.48311000000000E-0003	-3.81472000000000E-0005	 5.89373636363636E+0000	-9.05696000000000E+0000	-4.29000000000000E+0001
 1.69100607200077E+0002	 5.61935483870968E+0002	 3.23676000000000E+0002	 1.76410000000000E+0001	 4.95633000000000E+0002	 2.49930000000000E+0001	 6.48120000000000E-0003	-3.81472000000000E-0005	 5.89200000000000E+0000	-9.01781000000000E+0000	-4.29000000000000E+0001
 1.70773598320457E+0002	 5.61741935483871E+0002	 3.23647000000000E+0002	 1.76450000000000E+0001	 4.95511000000000E+0002	 2.50010000000000E+0001	 6.48311000000000E-0003	-3.81472000000000E-0005	 5.89373636363636E+0000	-8.97829000000000E+0000	-4.29000000000000E+0001
 1.72451477771616E+0002	 5.61741935483871E+0002	 3.23501000000000E+0002	 1.76550000000000E+0001	 4.95527000000000E+0002	 2.49990000000000E+0001	 6.48311000000000E-0003	-3.81472000000000E-0005	 5.89373636363636E+0000	-8.93877000000000E+0000	-4.29000000000000E+0001
 1.74124461349138E+0002	 5.61741935483871E+0002	 3.23701000000000E+0002	 1.76390000000000E+0001	 4.95435000000000E+0002	 2.50050000000000E+0001	 6.48311000000000E-0003	-3.81472000000000E-0005	 5.89373636363636E+0000	-8.89963000000000E+0000	-4.29000000000000E+0001
 1.75797444647295E+0002	 5.61693548387097E+0002	 3.23495000000000E+0002	 1.76560000000000E+0001	 4.95278000000000E+0002	 2.50120000000000E+0001	 6.48311000000000E-0003	-3.81472000000000E-0005	 5.89373636363636E+0000	-8.86010000000000E+0000	-4.29000000000000E+0001
 1.77470439120056E+0002	 5.61838709677419E+0002	 3.23459000000000E+0002	 1.76590000000000E+0001	 4.95508000000000E+0002	 2.50000000000000E+0001	 6.48311000000000E-0003	-3.81472000000000E-0005	 5.89373636363636E+0000	-8.82096000000000E+0000	-4.29000000000000E+0001
 1.79141467979869E+0002	 5.61790322580645E+0002	 3.23656000000000E+0002	 1.76420000000000E+0001	 4.95705000000000E+0002	 2.49890000000000E+0001	 6.48311000000000E-0003	-3.62399000000000E-0005	 5.89373636363636E+0000	-8.78144000000000E+0000	-4.29000000000000E+0001
 1.80815430452753E+0002	 5.61693548387097E+0002	 3.23488000000000E+0002	 1.76560000000000E+0001	 4.95699000000000E+0002	 2.49890000000000E+0001	 6.48120000000000E-0003	-3.62399000000000E-0005	 5.89200000000000E+0000	-8.74267000000000E+0000	-4.29000000000000E+0001
 1.82463033709592E+0002	 5.61548387096774E+0002	 3.23593000000000E+0002	 1.76480000000000E+0001	 4.95558000000000E+0002	 2.49970000000000E+0001	 6.48120000000000E-0003	-3.62399000000000E-0005	 5.89200000000000E+0000	-8.70315000000000E+0000	-4.29000000000000E+0001
 1.84141873059285E+0002	 5.61935483870968E+0002	 3.23521000000000E+0002	 1.76520000000000E+0001	 4.95522000000000E+0002	 2.50000000000000E+0001	 6.48311000000000E-0003	-3.81472000000000E-0005	 5.89373636363636E+0000	-8.66401000000000E+0000	-4.29000000000000E+0001
 1.85810952229962E+0002	 5.61645161290323E+0002	 3.23541000000000E+0002	 1.76520000000000E+0001	 4.95262000000000E+0002	 2.50150000000000E+0001	 6.48311000000000E-0003	-3.62399000000000E-0005	 5.89373636363636E+0000	-8.62449000000000E+0000	-4.29000000000000E+0001
 1.87487851109568E+0002	 5.61500000000000E+0002	 3.23599000000000E+0002	 1.76470000000000E+0001	 4.95526000000000E+0002	 2.49990000000000E+0001	 6.48120000000000E-0003	-3.81472000000000E-0005	 5.89200000000000E+0000	-8.58534000000000E+0000	-4.29000000000000E+0001
 1.89153996667174E+0002	 5.61741935483871E+0002	 3.23359000000000E+0002	 1.76670000000000E+0001	 4.95515000000000E+0002	 2.50000000000000E+0001	 6.48311000000000E-0003	-3.81472000000000E-0005	 5.89373636363636E+0000	-8.54620000000000E+0000	-4.29000000000000E+0001
 1.90807449829517E+0002	 5.61741935483871E+0002	 3.23240000000000E+0002	 1.76770000000000E+0001	 4.95541000000000E+0002	 2.49980000000000E+0001	 6.48120000000000E-0003	-3.81472000000000E-0005	 5.89200000000000E+0000	-8.50705000000000E+0000	-4.29000000000000E+0001
 1.92481425432562E+0002	 5.63870967741935E+0002	 3.23372000000000E+0002	 1.76670000000000E+0001	 4.95513000000000E+0002	 2.49990000000000E+0001	 6.48120000000000E-0003	-3.81472000000000E-0005	 5.89200000000000E+0000	-8.46753000000000E+0000	-4.29000000000000E+0001
 1.94154402305321E+0002	 5.63822580645161E+0002	 3.23530000000000E+0002	 1.76530000000000E+0001	 4.95525000000000E+0002	 2.49990000000000E+0001	 6.48120000000000E-0003	-3.81472000000000E-0005	 5.89200000000000E+0000	-8.42839000000000E+0000	-4.29000000000000E+0001
 1.95824463723741E+0002	 5.63822580645161E+0002	 3.23147000000000E+0002	 1.76850000000000E+0001	 4.95511000000000E+0002	 2.50000000000000E+0001	 6.48120000000000E-0003	-3.81472000000000E-0005	 5.89200000000000E+0000	-8.38887000000000E+0000	-4.29000000000000E+0001
 1.97497457079042E+0002	 5.63774193548387E+0002	 3.23202000000000E+0002	 1.76810000000000E+0001	 4.95549000000000E+0002	 2.49980000000000E+0001	 6.48311000000000E-0003	-3.81472000000000E-0005	 5.89373636363636E+0000	-8.35010000000000E+0000	-4.29000000000000E+0001
 1.99150902698527E+0002	 5.63677419354839E+0002	 3.23218000000000E+0002	 1.76790000000000E+0001	 4.95470000000000E+0002	 2.50030000000000E+0001	 6.48120000000000E-0003	-3.81472000000000E-0005	 5.89200000000000E+0000	-8.31095000000000E+0000	-4.29000000000000E+0001
 2.00825840714392E+0002	 5.63822580645161E+0002	 3.23187000000000E+0002	 1.76810000000000E+0001	 4.95486000000000E+0002	 2.50020000000000E+0001	 6.48311000000000E-0003	-3.81472000000000E-0005	 5.89373636363636E+0000	-8.27143000000000E+0000	-4.29000000000000E+0001
 2.02494934970785E+0002	 5.63822580645161E+0002	 3.23053000000000E+0002	 1.76930000000000E+0001	 4.95417000000000E+0002	 2.50060000000000E+0001	 6.48120000000000E-0003	-3.81472000000000E-0005	 5.89200000000000E+0000	-8.23191000000000E+0000	-4.29000000000000E+0001
 2.04176706816090E+0002	 5.63870967741935E+0002	 3.23227000000000E+0002	 1.76780000000000E+0001	 4.95493000000000E+0002	 2.50010000000000E+0001	 6.48120000000000E-0003	-3.81472000000000E-0005	 5.89200000000000E+0000	-8.19277000000000E+0000	-4.29000000000000E+0001
 2.05849693187263E+0002	 5.63677419354839E+0002	 3.23007000000000E+0002	 1.76970000000000E+0001	 4.95345000000000E+0002	 2.50100000000000E+0001	 6.48120000000000E-0003	-3.81472000000000E-0005	 5.89200000000000E+0000	-8.15325000000000E+0000	-4.29000000000000E+0001
 2.07522687101294E+0002	 5.63919354838710E+0002	 3.22908000000000E+0002	 1.77050000000000E+0001	 4.95573000000000E+0002	 2.49970000000000E+0001	 6.48120000000000E-0003	-3.81472000000000E-0005	 5.89200000000000E+0000	-8.11373000000000E+0000	-4.29000000000000E+0001
 2.09199569218993E+0002	 5.63629032258065E+0002	 3.23004000000000E+0002	 1.76970000000000E+0001	 4.95757000000000E+0002	 2.49860000000000E+0001	 6.48120000000000E-0003	-3.81472000000000E-0005	 5.89200000000000E+0000	-8.07458000000000E+0000	-4.29000000000000E+0001
 2.10873533368068E+0002	 5.63967741935484E+0002	 3.22986000000000E+0002	 1.76970000000000E+0001	 4.95629000000000E+0002	 2.49910000000000E+0001	 6.48120000000000E-0003	-3.62399000000000E-0005	 5.89200000000000E+0000	-8.03506000000000E+0000	-4.29000000000000E+0001
 2.12544573681851E+0002	 5.63677419354839E+0002	 3.23013000000000E+0002	 1.76960000000000E+0001	 4.95653000000000E+0002	 2.49920000000000E+0001	 6.48120000000000E-0003	-3.81472000000000E-0005	 5.89200000000000E+0000	-7.99592000000000E+0000	-4.29000000000000E+0001
 2.14227318276485E+0002	 5.63725806451613E+0002	 3.23183000000000E+0002	 1.76820000000000E+0001	 4.95341000000000E+0002	 2.50100000000000E+0001	 6.48120000000000E-0003	-3.81472000000000E-0005	 5.89200000000000E+0000	-7.95602000000000E+0000	-4.29000000000000E+0001
 2.15899338882456E+0002	 5.63919354838710E+0002	 3.22966000000000E+0002	 1.77000000000000E+0001	 4.95409000000000E+0002	 2.50070000000000E+0001	 6.48120000000000E-0003	-3.81472000000000E-0005	 5.89200000000000E+0000	-7.91688000000000E+0000	-4.29000000000000E+0001
 2.17573309177563E+0002	 5.63822580645161E+0002	 3.23045000000000E+0002	 1.76940000000000E+0001	 4.95395000000000E+0002	 2.50070000000000E+0001	 6.48120000000000E-0003	-3.81472000000000E-0005	 5.89200000000000E+0000	-7.87773000000000E+0000	-4.29000000000000E+0001
 2.19241405262401E+0002	 5.63532258064516E+0002	 3.23027000000000E+0002	 1.76950000000000E+0001	 4.95524000000000E+0002	 2.49990000000000E+0001	 6.48120000000000E-0003	-3.62399000000000E-0005	 5.89200000000000E+0000	-7.83821000000000E+0000	-4.29000000000000E+0001
 2.20914395824050E+0002	 5.63677419354839E+0002	 3.23084000000000E+0002	 1.76900000000000E+0001	 4.95425000000000E+0002	 2.50050000000000E+0001	 6.48120000000000E-0003	-3.81472000000000E-0005	 5.89200000000000E+0000	-7.79944000000000E+0000	-4.29000000000000E+0001
 2.22568826764295E+0002	 5.63677419354839E+0002	 3.23058000000000E+0002	 1.76930000000000E+0001	 4.95358000000000E+0002	 2.50090000000000E+0001	 6.48120000000000E-0003	-3.81472000000000E-0005	 5.89200000000000E+0000	-7.75992000000000E+0000	-4.29000000000000E+0001
 2.24242792030831E+0002	 5.63822580645161E+0002	 3.23137000000000E+0002	 1.76860000000000E+0001	 4.95537000000000E+0002	 2.49960000000000E+0001	 6.48120000000000E-0003	-3.81472000000000E-0005	 5.89200000000000E+0000	-7.72078000000000E+0000	-4.29000000000000E+0001
 2.25912859874649E+0002	 5.63677419354839E+0002	 3.23019000000000E+0002	 1.76960000000000E+0001	 4.95597000000000E+0002	 2.49950000000000E+0001	 6.48120000000000E-0003	-3.81472000000000E-0005	 5.89200000000000E+0000	-7.68126000000000E+0000	-4.29000000000000E+0001
 2.27590718932155E+0002	 5.63677419354839E+0002	 3.22809000000000E+0002	 1.77140000000000E+0001	 4.95701000000000E+0002	 2.49890000000000E+0001	 6.48120000000000E-0003	-3.81472000000000E-0005	 5.89200000000000E+0000	-7.64211000000000E+0000	-4.29000000000000E+0001
 2.29255891181700E+0002	 5.63677419354839E+0002	 3.22849000000000E+0002	 1.77100000000000E+0001	 4.95531000000000E+0002	 2.49990000000000E+0001	 6.48120000000000E-0003	-3.81472000000000E-0005	 5.89200000000000E+0000	-7.60335000000000E+0000	-4.29000000000000E+0001
 2.30907394096177E+0002	 5.63822580645161E+0002	 3.23082000000000E+0002	 1.76910000000000E+0001	 4.95613000000000E+0002	 2.49940000000000E+0001	 6.48120000000000E-0003	-3.81472000000000E-0005	 5.89200000000000E+0000	-7.56383000000000E+0000	-4.29000000000000E+0001
 2.32587220163457E+0002	 5.63822580645161E+0002	 3.22798000000000E+0002	 1.77140000000000E+0001	 4.95463000000000E+0002	 2.50030000000000E+0001	 6.48120000000000E-0003	-3.81472000000000E-0005	 5.89200000000000E+0000	-7.52430000000000E+0000	-4.29000000000000E+0001
 2.34260205975899E+0002	 5.63774193548387E+0002	 3.22851000000000E+0002	 1.77100000000000E+0001	 4.95438000000000E+0002	 2.50040000000000E+0001	 6.48120000000000E-0003	-3.62399000000000E-0005	 5.89200000000000E+0000	-7.48478000000000E+0000	-4.29000000000000E+0001
 2.35936124283952E+0002	 5.63822580645161E+0002	 3.22810000000000E+0002	 1.77140000000000E+0001	 4.95232000000000E+0002	 2.50160000000000E+0001	 6.48120000000000E-0003	-3.81472000000000E-0005	 5.89200000000000E+0000	-7.44564000000000E+0000	-4.29000000000000E+0001
 2.37613995633523E+0002	 5.63774193548387E+0002	 3.22674000000000E+0002	 1.77270000000000E+0001	 4.95544000000000E+0002	 2.49950000000000E+0001	 6.48120000000000E-0003	-3.81472000000000E-0005	 5.89200000000000E+0000	-7.40612000000000E+0000	-4.29000000000000E+0001
 2.39286003668064E+0002	 5.63822580645161E+0002	 3.22822000000000E+0002	 1.77130000000000E+0001	 4.95695000000000E+0002	 2.49890000000000E+0001	 6.48120000000000E-0003	-3.81472000000000E-0005	 5.89200000000000E+0000	-7.36697000000000E+0000	-4.29000000000000E+0001
 2.40957038394545E+0002	 5.63629032258065E+0002	 3.22699000000000E+0002	 1.77230000000000E+0001	 4.95570000000000E+0002	 2.49970000000000E+0001	 6.48120000000000E-0003	-3.81472000000000E-0005	 5.89200000000000E+0000	-7.32745000000000E+0000	-4.29000000000000E+0001
 2.42626120638238E+0002	 5.63774193548387E+0002	 3.22642000000000E+0002	 1.77280000000000E+0001	 4.95457000000000E+0002	 2.50030000000000E+0001	 6.48120000000000E-0003	-3.81472000000000E-0005	 5.89200000000000E+0000	-7.28868000000000E+0000	-4.29000000000000E+0001
 2.44274691336469E+0002	 5.63774193548387E+0002	 3.22772000000000E+0002	 1.77170000000000E+0001	 4.95563000000000E+0002	 2.49970000000000E+0001	 6.48120000000000E-0003	-3.81472000000000E-0005	 5.89200000000000E+0000	-7.24954000000000E+0000	-4.29000000000000E+0001
 2.45943769110320E+0002	 5.63870967741935E+0002	 3.22662000000000E+0002	 1.77260000000000E+0001	 4.95456000000000E+0002	 2.50040000000000E+0001	 6.48120000000000E-0003	-3.81472000000000E-0005	 5.89200000000000E+0000	-7.21002000000000E+0000	-4.29000000000000E+0001
 2.47623594060139E+0002	 5.63774193548387E+0002	 3.22761000000000E+0002	 1.77180000000000E+0001	 4.95364000000000E+0002	 2.50090000000000E+0001	 6.48120000000000E-0003	-3.81472000000000E-0005	 5.89200000000000E+0000	-7.17087000000000E+0000	-4.29000000000000E+0001
 2.49292675745102E+0002	 5.63629032258065E+0002	 3.22573000000000E+0002	 1.77340000000000E+0001	 4.95516000000000E+0002	 2.50000000000000E+0001	 6.48120000000000E-0003	-3.81472000000000E-0005	 5.89200000000000E+0000	-7.13135000000000E+0000	-4.29000000000000E+0001
 2.50965663513100E+0002	 5.63822580645161E+0002	 3.22609000000000E+0002	 1.77300000000000E+0001	 4.95632000000000E+0002	 2.49930000000000E+0001	 6.48120000000000E-0003	-3.62399000000000E-0005	 5.89200000000000E+0000	-7.09259000000000E+0000	-4.29000000000000E+0001
 2.52616185856024E+0002	 5.60629032258065E+0002	 3.22548000000000E+0002	 1.77360000000000E+0001	 4.95553000000000E+0002	 2.49980000000000E+0001	 6.48120000000000E-0003	-3.62399000000000E-0005	 5.89200000000000E+0000	-7.05307000000000E+0000	-4.29000000000000E+0001
 2.54293083059439E+0002	 5.60532258064516E+0002	 3.22423000000000E+0002	 1.77460000000000E+0001	 4.95691000000000E+0002	 2.49890000000000E+0001	 6.48120000000000E-0003	-3.81472000000000E-0005	 5.89200000000000E+0000	-7.01355000000000E+0000	-4.29000000000000E+0001
 2.55971923247228E+0002	 5.60580645161290E+0002	 3.22467000000000E+0002	 1.77420000000000E+0001	 4.95518000000000E+0002	 2.50000000000000E+0001	 6.48120000000000E-0003	-3.81472000000000E-0005	 5.89200000000000E+0000	-6.97440000000000E+0000	-4.29000000000000E+0001
 2.57650771815971E+0002	 5.60629032258065E+0002	 3.22445000000000E+0002	 1.77440000000000E+0001	 4.95513000000000E+0002	 2.50000000000000E+0001	 6.48120000000000E-0003	-3.81472000000000E-0005	 5.89200000000000E+0000	-6.93488000000000E+0000	-4.29000000000000E+0001
 2.59317900459416E+0002	 5.60725806451613E+0002	 3.22586000000000E+0002	 1.77330000000000E+0001	 4.95483000000000E+0002	 2.50030000000000E+0001	 6.48120000000000E-0003	-3.62399000000000E-0005	 5.89200000000000E+0000	-6.89536000000000E+0000	-4.29000000000000E+0001
 2.60993818488104E+0002	 5.60387096774194E+0002	 3.22714000000000E+0002	 1.77220000000000E+0001	 4.95452000000000E+0002	 2.50040000000000E+0001	 6.48120000000000E-0003	-3.62399000000000E-0005	 5.89200000000000E+0000	-6.85621000000000E+0000	-4.29000000000000E+0001
 2.62664854052680E+0002	 5.60532258064516E+0002	 3.22209000000000E+0002	 1.77640000000000E+0001	 4.95420000000000E+0002	 2.50050000000000E+0001	 6.48120000000000E-0003	-3.62399000000000E-0005	 5.89200000000000E+0000	-6.81707000000000E+0000	-4.29000000000000E+0001
 2.64335888779160E+0002	 5.60725806451613E+0002	 3.22424000000000E+0002	 1.77460000000000E+0001	 4.95651000000000E+0002	 2.49920000000000E+0001	 6.48120000000000E-0003	-3.81472000000000E-0005	 5.89200000000000E+0000	-6.77755000000000E+0000	-4.29000000000000E+0001
 2.66016682287833E+0002	 5.60580645161290E+0002	 3.22246000000000E+0002	 1.77610000000000E+0001	 4.95647000000000E+0002	 2.49920000000000E+0001	 6.48120000000000E-0003	-3.81472000000000E-0005	 5.89200000000000E+0000	-6.73803000000000E+0000	-4.29000000000000E+0001
 2.67686740353872E+0002	 5.60532258064516E+0002	 3.22357000000000E+0002	 1.77520000000000E+0001	 4.95516000000000E+0002	 2.50000000000000E+0001	 6.48120000000000E-0003	-3.62399000000000E-0005	 5.89200000000000E+0000	-6.69888000000000E+0000	-4.29000000000000E+0001
 2.69357780388290E+0002	 5.60580645161290E+0002	 3.22420000000000E+0002	 1.77460000000000E+0001	 4.95366000000000E+0002	 2.50090000000000E+0001	 6.48120000000000E-0003	-3.81472000000000E-0005	 5.89200000000000E+0000	-6.65974000000000E+0000	-4.29000000000000E+0001
 2.71011234668093E+0002	 5.60822580645161E+0002	 3.22283000000000E+0002	 1.77580000000000E+0001	 4.95323000000000E+0002	 2.50110000000000E+0001	 6.48120000000000E-0003	-3.81472000000000E-0005	 5.89200000000000E+0000	-6.62060000000000E+0000	-4.29000000000000E+0001
 2.72687152976146E+0002	 5.60483870967742E+0002	 3.22212000000000E+0002	 1.77640000000000E+0001	 4.95416000000000E+0002	 2.50060000000000E+0001	 6.48120000000000E-0003	-3.81472000000000E-0005	 5.89200000000000E+0000	-6.58107000000000E+0000	-4.29000000000000E+0001
 2.74360139347319E+0002	 5.60532258064516E+0002	 3.22361000000000E+0002	 1.77510000000000E+0001	 4.95640000000000E+0002	 2.49930000000000E+0001	 6.48120000000000E-0003	-3.81472000000000E-0005	 5.89200000000000E+0000	-6.54193000000000E+0000	-4.29000000000000E+0001
 2.76034097070996E+0002	 5.60629032258065E+0002	 3.22214000000000E+0002	 1.77640000000000E+0001	 4.95467000000000E+0002	 2.50030000000000E+0001	 6.48120000000000E-0003	-3.81472000000000E-0005	 5.89200000000000E+0000	-6.50241000000000E+0000	-4.29000000000000E+0001
 2.77701232419204E+0002	 5.60580645161290E+0002	 3.22047000000000E+0002	 1.77780000000000E+0001	 4.95677000000000E+0002	 2.49910000000000E+0001	 6.48120000000000E-0003	-3.81472000000000E-0005	 5.89200000000000E+0000	-6.46364000000000E+0000	-4.29000000000000E+0001
 2.79352731422569E+0002	 5.60629032258065E+0002	 3.22156000000000E+0002	 1.77690000000000E+0001	 4.95727000000000E+0002	 2.49880000000000E+0001	 6.47929000000000E-0003	-3.62399000000000E-0005	 5.89026363636364E+0000	-6.42450000000000E+0000	-4.29000000000000E+0001
 2.81020830580423E+0002	 5.60629032258065E+0002	 3.22175000000000E+0002	 1.77670000000000E+0001	 4.95503000000000E+0002	 2.50010000000000E+0001	 6.48120000000000E-0003	-3.81472000000000E-0005	 5.89200000000000E+0000	-6.38573000000000E+0000	-4.29000000000000E+0001
 2.82672332656804E+0002	 5.60822580645161E+0002	 3.22061000000000E+0002	 1.77770000000000E+0001	 4.95311000000000E+0002	 2.50120000000000E+0001	 6.48120000000000E-0003	-3.62399000000000E-0005	 5.89200000000000E+0000	-6.34621000000000E+0000	-4.29000000000000E+0001
 2.84343377161064E+0002	 5.60725806451613E+0002	 3.22073000000000E+0002	 1.77750000000000E+0001	 4.95425000000000E+0002	 2.50050000000000E+0001	 6.48120000000000E-0003	-3.81472000000000E-0005	 5.89200000000000E+0000	-6.30706000000000E+0000	-4.29000000000000E+0001
 2.86016352636997E+0002	 5.60532258064516E+0002	 3.22001000000000E+0002	 1.77820000000000E+0001	 4.95658000000000E+0002	 2.49920000000000E+0001	 6.48120000000000E-0003	-3.81472000000000E-0005	 5.89200000000000E+0000	-6.26754000000000E+0000	-4.29000000000000E+0001
 2.87686411820497E+0002	 5.60580645161290E+0002	 3.22148000000000E+0002	 1.77690000000000E+0001	 4.95700000000000E+0002	 2.49890000000000E+0001	 6.48120000000000E-0003	-3.62399000000000E-0005	 5.89200000000000E+0000	-6.22840000000000E+0000	-4.29000000000000E+0001
 2.89359400705956E+0002	 5.60532258064516E+0002	 3.22125000000000E+0002	 1.77710000000000E+0001	 4.95688000000000E+0002	 2.49900000000000E+0001	 6.47929000000000E-0003	-3.62399000000000E-0005	 5.89026363636364E+0000	-6.18963000000000E+0000	-4.29000000000000E+0001
 2.91010904458528E+0002	 5.60677419354839E+0002	 3.22026000000000E+0002	 1.77800000000000E+0001	 4.95550000000000E+0002	 2.49980000000000E+0001	 6.47929000000000E-0003	-3.81472000000000E-0005	 5.89026363636364E+0000	-6.15049000000000E+0000	-4.29000000000000E+0001
 2.92676079222359E+0002	 5.60580645161290E+0002	 3.21983000000000E+0002	 1.77830000000000E+0001	 4.95270000000000E+0002	 2.50140000000000E+0001	 6.47929000000000E-0003	-3.81472000000000E-0005	 5.89026363636364E+0000	-6.11134000000000E+0000	-4.29000000000000E+0001
 2.94330504295937E+0002	 5.60532258064516E+0002	 3.21941000000000E+0002	 1.77870000000000E+0001	 4.95327000000000E+0002	 2.50110000000000E+0001	 6.48120000000000E-0003	-3.81472000000000E-0005	 5.89200000000000E+0000	-6.07220000000000E+0000	-4.29000000000000E+0001
 2.96003491784570E+0002	 5.60580645161290E+0002	 3.22086000000000E+0002	 1.77760000000000E+0001	 4.95293000000000E+0002	 2.50130000000000E+0001	 6.47929000000000E-0003	-3.81472000000000E-0005	 5.89026363636364E+0000	-6.03268000000000E+0000	-4.29000000000000E+0001
 2.97672576542549E+0002	 5.60580645161290E+0002	 3.21770000000000E+0002	 1.78010000000000E+0001	 4.95630000000000E+0002	 2.49930000000000E+0001	 6.47929000000000E-0003	-3.81472000000000E-0005	 5.89026363636364E+0000	-5.99316000000000E+0000	-4.29000000000000E+0001
 2.99359231690061E+0002	 5.60677419354839E+0002	 3.21908000000000E+0002	 1.77900000000000E+0001	 4.95696000000000E+0002	 2.49890000000000E+0001	 6.47929000000000E-0003	-3.81472000000000E-0005	 5.89026363636364E+0000	-5.95401000000000E+0000	-4.29000000000000E+0001
 3.01027417171736E+0002	 5.60580645161290E+0002	 3.21727000000000E+0002	 1.78030000000000E+0001	 4.95779000000000E+0002	 2.49870000000000E+0001	 6.47929000000000E-0003	-3.81472000000000E-0005	 5.89026363636364E+0000	-5.91449000000000E+0000	-4.29000000000000E+0001
 3.02700401866718E+0002	 5.60483870967742E+0002	 3.21809000000000E+0002	 1.77980000000000E+0001	 4.95570000000000E+0002	 2.49970000000000E+0001	 6.48120000000000E-0003	-3.81472000000000E-0005	 5.89200000000000E+0000	-5.87497000000000E+0000	-4.29000000000000E+0001
 3.04378267628986E+0002	 5.60629032258065E+0002	 3.21745000000000E+0002	 1.78030000000000E+0001	 4.95340000000000E+0002	 2.50100000000000E+0001	 6.48120000000000E-0003	-3.81472000000000E-0005	 5.89200000000000E+0000	-5.83582000000000E+0000	-4.29000000000000E+0001
 3.06053208159138E+0002	 5.60629032258065E+0002	 3.21724000000000E+0002	 1.78050000000000E+0001	 4.95213000000000E+0002	 2.50150000000000E+0001	 6.48120000000000E-0003	-3.81472000000000E-0005	 5.89200000000000E+0000	-5.79630000000000E+0000	-4.29000000000000E+0001
 3.07726199558882E+0002	 5.60677419354839E+0002	 3.21721000000000E+0002	 1.78050000000000E+0001	 4.95429000000000E+0002	 2.50050000000000E+0001	 6.48120000000000E-0003	-3.81472000000000E-0005	 5.89200000000000E+0000	-5.75678000000000E+0000	-4.29000000000000E+0001
 3.09403093130551E+0002	 5.60532258064516E+0002	 3.21734000000000E+0002	 1.78040000000000E+0001	 4.95646000000000E+0002	 2.49920000000000E+0001	 6.47929000000000E-0003	-3.81472000000000E-0005	 5.89026363636364E+0000	-5.71764000000000E+0000	-4.29000000000000E+0001
 3.11068263983272E+0002	 5.60483870967742E+0002	 3.21824000000000E+0002	 1.77970000000000E+0001	 4.95655000000000E+0002	 2.49920000000000E+0001	 6.47929000000000E-0003	-3.62399000000000E-0005	 5.89026363636364E+0000	-5.67887000000000E+0000	-4.29000000000000E+0001
 3.12720747469301E+0002	 5.64645161290323E+0002	 3.21542000000000E+0002	 1.78200000000000E+0001	 4.95714000000000E+0002	 2.49880000000000E+0001	 6.47929000000000E-0003	-3.62399000000000E-0005	 5.89026363636364E+0000	-5.63935000000000E+0000	-4.29000000000000E+0001
 3.14401547962101E+0002	 5.64645161290323E+0002	 3.21619000000000E+0002	 1.78130000000000E+0001	 4.95640000000000E+0002	 2.49930000000000E+0001	 6.47929000000000E-0003	-3.62399000000000E-0005	 5.89026363636364E+0000	-5.59983000000000E+0000	-4.29000000000000E+0001
 3.16079419311672E+0002	 5.64500000000000E+0002	 3.21736000000000E+0002	 1.78040000000000E+0001	 4.95531000000000E+0002	 2.49990000000000E+0001	 6.48120000000000E-0003	-3.81472000000000E-0005	 5.89200000000000E+0000	-5.56069000000000E+0000	-4.29000000000000E+0001
 3.17743615180142E+0002	 5.64451612903226E+0002	 3.21885000000000E+0002	 1.77910000000000E+0001	 4.95134000000000E+0002	 2.50220000000000E+0001	 6.47929000000000E-0003	-3.81472000000000E-0005	 5.89026363636364E+0000	-5.52117000000000E+0000	-4.29000000000000E+0001
 3.19424415952307E+0002	 5.64548387096774E+0002	 3.21645000000000E+0002	 1.78110000000000E+0001	 4.95257000000000E+0002	 2.50150000000000E+0001	 6.47929000000000E-0003	-3.81472000000000E-0005	 5.89026363636364E+0000	-5.48165000000000E+0000	-4.29000000000000E+0001
 3.21096429574150E+0002	 5.64451612903226E+0002	 3.21648000000000E+0002	 1.78110000000000E+0001	 4.95347000000000E+0002	 2.50100000000000E+0001	 6.48120000000000E-0003	-3.81472000000000E-0005	 5.89200000000000E+0000	-5.44250000000000E+0000	-4.29000000000000E+0001
 3.22770387018462E+0002	 5.64451612903226E+0002	 3.21696000000000E+0002	 1.78070000000000E+0001	 4.95706000000000E+0002	 2.49890000000000E+0001	 6.47929000000000E-0003	-3.81472000000000E-0005	 5.89026363636364E+0000	-5.40298000000000E+0000	-4.29000000000000E+0001
 3.24442397008558E+0002	 5.64645161290323E+0002	 3.21554000000000E+0002	 1.78220000000000E+0001	 4.95608000000000E+0002	 2.49940000000000E+0001	 6.47929000000000E-0003	-3.81472000000000E-0005	 5.89026363636364E+0000	-5.36383000000000E+0000	-4.29000000000000E+0001
 3.26118313361056E+0002	 5.64354838709677E+0002	 3.21537000000000E+0002	 1.78210000000000E+0001	 4.95626000000000E+0002	 2.49930000000000E+0001	 6.47929000000000E-0003	-3.62399000000000E-0005	 5.89026363636364E+0000	-5.32431000000000E+0000	-4.29000000000000E+0001
 3.27796190018564E+0002	 5.64500000000000E+0002	 3.21717000000000E+0002	 1.78060000000000E+0001	 4.95348000000000E+0002	 2.50100000000000E+0001	 6.48120000000000E-0003	-3.81472000000000E-0005	 5.89200000000000E+0000	-5.28517000000000E+0000	-4.29000000000000E+0001
 3.29459435486912E+0002	 5.64451612903226E+0002	 3.21442000000000E+0002	 1.78290000000000E+0001	 4.95322000000000E+0002	 2.50110000000000E+0001	 6.47929000000000E-0003	-3.81472000000000E-0005	 5.89026363636364E+0000	-5.24602000000000E+0000	-4.29000000000000E+0001
 3.31112866300047E+0002	 5.64548387096774E+0002	 3.21400000000000E+0002	 1.78320000000000E+0001	 4.95408000000000E+0002	 2.50060000000000E+0001	 6.47929000000000E-0003	-3.81472000000000E-0005	 5.89026363636364E+0000	-5.20688000000000E+0000	-4.29000000000000E+0001
 3.32780972442028E+0002	 5.64451612903226E+0002	 3.21525000000000E+0002	 1.78220000000000E+0001	 4.95629000000000E+0002	 2.49930000000000E+0001	 6.47929000000000E-0003	-3.81472000000000E-0005	 5.89026363636364E+0000	-5.16811000000000E+0000	-4.29000000000000E+0001
 3.34427584790804E+0002	 5.64596774193548E+0002	 3.21411000000000E+0002	 1.78310000000000E+0001	 4.95510000000000E+0002	 2.50000000000000E+0001	 6.47929000000000E-0003	-3.81472000000000E-0005	 5.89026363636364E+0000	-5.12897000000000E+0000	-4.29000000000000E+0001
 3.36103500863937E+0002	 5.64403225806452E+0002	 3.21354000000000E+0002	 1.78360000000000E+0001	 4.95545000000000E+0002	 2.49980000000000E+0001	 6.47929000000000E-0003	-3.81472000000000E-0005	 5.89026363636364E+0000	-5.08945000000000E+0000	-4.29000000000000E+0001
 3.37780400022908E+0002	 5.64838709677419E+0002	 3.21415000000000E+0002	 1.78310000000000E+0001	 4.95636000000000E+0002	 2.49930000000000E+0001	 6.47929000000000E-0003	-3.81472000000000E-0005	 5.89026363636364E+0000	-5.04993000000000E+0000	-4.29000000000000E+0001
 3.39453411257576E+0002	 5.64596774193548E+0002	 3.21385000000000E+0002	 1.78340000000000E+0001	 4.95679000000000E+0002	 2.49900000000000E+0001	 6.47929000000000E-0003	-3.62399000000000E-0005	 5.89026363636364E+0000	-5.01078000000000E+0000	-4.29000000000000E+0001
 3.41123444460120E+0002	 5.64451612903226E+0002	 3.21431000000000E+0002	 1.78300000000000E+0001	 4.95610000000000E+0002	 2.49940000000000E+0001	 6.47929000000000E-0003	-3.81472000000000E-0005	 5.89026363636364E+0000	-4.97126000000000E+0000	-4.29000000000000E+0001
 3.42818890389700E+0002	 5.64596774193548E+0002	 3.21371000000000E+0002	 1.78350000000000E+0001	 4.95296000000000E+0002	 2.50130000000000E+0001	 6.48120000000000E-0003	-3.81472000000000E-0005	 5.89200000000000E+0000	-4.93174000000000E+0000	-4.29000000000000E+0001
 3.44481144111891E+0002	 5.64500000000000E+0002	 3.21427000000000E+0002	 1.78300000000000E+0001	 4.95264000000000E+0002	 2.50150000000000E+0001	 6.48120000000000E-0003	-3.81472000000000E-0005	 5.89200000000000E+0000	-4.89260000000000E+0000	-4.29000000000000E+0001
 3.46147289669497E+0002	 5.64645161290323E+0002	 3.21337000000000E+0002	 1.78380000000000E+0001	 4.95365000000000E+0002	 2.50090000000000E+0001	 6.47929000000000E-0003	-3.81472000000000E-0005	 5.89026363636364E+0000	-4.85383000000000E+0000	-4.29000000000000E+0001
 3.47796836748805E+0002	 5.64548387096774E+0002	 3.21227000000000E+0002	 1.78470000000000E+0001	 4.95618000000000E+0002	 2.49940000000000E+0001	 6.47929000000000E-0003	-3.81472000000000E-0005	 5.89026363636364E+0000	-4.81431000000000E+0000	-4.29000000000000E+0001
 3.49471785101179E+0002	 5.64596774193548E+0002	 3.21471000000000E+0002	 1.78260000000000E+0001	 4.95705000000000E+0002	 2.49890000000000E+0001	 6.47929000000000E-0003	-3.62399000000000E-0005	 5.89026363636364E+0000	-4.77516000000000E+0000	-4.29000000000000E+0001
 3.51147689999707E+0002	 5.64645161290323E+0002	 3.21372000000000E+0002	 1.78350000000000E+0001	 4.95746000000000E+0002	 2.49870000000000E+0001	 6.47929000000000E-0003	-3.62399000000000E-0005	 5.89026363636364E+0000	-4.73564000000000E+0000	-4.29000000000000E+0001
 3.52816778110067E+0002	 5.64403225806452E+0002	 3.21312000000000E+0002	 1.78400000000000E+0001	 4.95354000000000E+0002	 2.50090000000000E+0001	 6.47929000000000E-0003	-3.62399000000000E-0005	 5.89026363636364E+0000	-4.69650000000000E+0000	-4.29000000000000E+0001
 3.54487829877820E+0002	 5.64548387096774E+0002	 3.21254000000000E+0002	 1.78450000000000E+0001	 4.95300000000000E+0002	 2.50120000000000E+0001	 6.47929000000000E-0003	-3.81472000000000E-0005	 5.89026363636364E+0000	-4.65735000000000E+0000	-4.29000000000000E+0001
 3.56144197656406E+0002	 5.64403225806452E+0002	 3.21266000000000E+0002	 1.78440000000000E+0001	 4.95441000000000E+0002	 2.50040000000000E+0001	 6.47929000000000E-0003	-3.81472000000000E-0005	 5.89026363636364E+0000	-4.61821000000000E+0000	-4.29000000000000E+0001
 3.57815229868601E+0002	 5.64596774193548E+0002	 3.21229000000000E+0002	 1.78470000000000E+0001	 4.95387000000000E+0002	 2.50060000000000E+0001	 6.47929000000000E-0003	-3.81472000000000E-0005	 5.89026363636364E+0000	-4.57869000000000E+0000	-4.29000000000000E+0001
 3.59486273814130E+0002	 5.64596774193548E+0002	 3.21191000000000E+0002	 1.78500000000000E+0001	 4.95359000000000E+0002	 2.50090000000000E+0001	 6.48120000000000E-0003	-3.62399000000000E-0005	 5.89200000000000E+0000	-4.53954000000000E+0000	-4.29000000000000E+0001
 3.61160232934633E+0002	 5.64693548387097E+0002	 3.21207000000000E+0002	 1.78490000000000E+0001	 4.95600000000000E+0002	 2.49950000000000E+0001	 6.47929000000000E-0003	-3.81472000000000E-0005	 5.89026363636364E+0000	-4.50002000000000E+0000	-4.29000000000000E+0001
 3.62832245997746E+0002	 5.64451612903226E+0002	 3.21159000000000E+0002	 1.78530000000000E+0001	 4.95721000000000E+0002	 2.49880000000000E+0001	 6.47929000000000E-0003	-3.81472000000000E-0005	 5.89026363636364E+0000	-4.46126000000000E+0000	-4.29000000000000E+0001
 3.64484726969489E+0002	 5.64451612903226E+0002	 3.21227000000000E+0002	 1.78470000000000E+0001	 4.95746000000000E+0002	 2.49870000000000E+0001	 6.47929000000000E-0003	-3.81472000000000E-0005	 5.89026363636364E+0000	-4.42211000000000E+0000	-4.29000000000000E+0001
 3.66155756946763E+0002	 5.64548387096774E+0002	 3.21080000000000E+0002	 1.78600000000000E+0001	 4.95551000000000E+0002	 2.49980000000000E+0001	 6.47929000000000E-0003	-3.81472000000000E-0005	 5.89026363636364E+0000	-4.38259000000000E+0000	-4.29000000000000E+0001
 3.67829721654568E+0002	 5.64403225806452E+0002	 3.21151000000000E+0002	 1.78530000000000E+0001	 4.95470000000000E+0002	 2.50030000000000E+0001	 6.47929000000000E-0003	-3.81472000000000E-0005	 5.89026363636364E+0000	-4.34307000000000E+0000	-4.29000000000000E+0001
 3.69504668610117E+0002	 5.64403225806452E+0002	 3.21116000000000E+0002	 1.78560000000000E+0001	 4.95492000000000E+0002	 2.50010000000000E+0001	 6.47929000000000E-0003	-3.81472000000000E-0005	 5.89026363636364E+0000	-4.30355000000000E+0000	-4.29000000000000E+0001
 3.71182526829527E+0002	 5.64741935483871E+0002	 3.21144000000000E+0002	 1.78530000000000E+0001	 4.95476000000000E+0002	 2.50020000000000E+0001	 6.47929000000000E-0003	-3.81472000000000E-0005	 5.89026363636364E+0000	-4.26440000000000E+0000	-4.29000000000000E+0001
 3.72850639117541E+0002	 5.64645161290323E+0002	 3.21054000000000E+0002	 1.78610000000000E+0001	 4.95380000000000E+0002	 2.50080000000000E+0001	 6.47929000000000E-0003	-3.81472000000000E-0005	 5.89026363636364E+0000	-4.22488000000000E+0000	-4.29000000000000E+0001
 3.74527536879687E+0002	 5.70064516129032E+0002	 3.20984000000000E+0002	 1.78670000000000E+0001	 4.95581000000000E+0002	 2.49960000000000E+0001	 6.47929000000000E-0003	-3.81472000000000E-0005	 5.89026363636364E+0000	-4.18574000000000E+0000	-4.29000000000000E+0001
 3.76205400407035E+0002	 5.70016129032258E+0002	 3.20937000000000E+0002	 1.78700000000000E+0001	 4.95365000000000E+0002	 2.50080000000000E+0001	 6.47929000000000E-0003	-3.81472000000000E-0005	 5.89026363636364E+0000	-4.14622000000000E+0000	-4.29000000000000E+0001
 3.77884256239271E+0002	 5.70016129032258E+0002	 3.21025000000000E+0002	 1.78640000000000E+0001	 4.95440000000000E+0002	 2.50040000000000E+0001	 6.47929000000000E-0003	-3.81472000000000E-0005	 5.89026363636364E+0000	-4.10670000000000E+0000	-4.29000000000000E+0001
 3.79556269302383E+0002	 5.70016129032258E+0002	 3.20970000000000E+0002	 1.78690000000000E+0001	 4.95490000000000E+0002	 2.50010000000000E+0001	 6.47929000000000E-0003	-3.81472000000000E-0005	 5.89026363636364E+0000	-4.06755000000000E+0000	-4.29000000000000E+0001
 3.81223402415670E+0002	 5.70016129032258E+0002	 3.20873000000000E+0002	 1.78770000000000E+0001	 4.95627000000000E+0002	 2.49930000000000E+0001	 6.47929000000000E-0003	-3.62399000000000E-0005	 5.89026363636364E+0000	-4.02879000000000E+0000	-4.29000000000000E+0001
 3.82876855578013E+0002	 5.70209677419355E+0002	 3.20898000000000E+0002	 1.78750000000000E+0001	 4.95582000000000E+0002	 2.49960000000000E+0001	 6.47929000000000E-0003	-3.62399000000000E-0005	 5.89026363636364E+0000	-3.98927000000000E+0000	-4.29000000000000E+0001
 3.84560680756912E+0002	 5.70016129032258E+0002	 3.20783000000000E+0002	 1.78850000000000E+0001	 4.95692000000000E+0002	 2.49880000000000E+0001	 6.47929000000000E-0003	-3.81472000000000E-0005	 5.89026363636364E+0000	-3.94974000000000E+0000	-4.29000000000000E+0001
 3.86227709946376E+0002	 5.70112903225806E+0002	 3.21030000000000E+0002	 1.78630000000000E+0001	 4.95517000000000E+0002	 2.50000000000000E+0001	 6.47929000000000E-0003	-3.81472000000000E-0005	 5.89026363636364E+0000	-3.91060000000000E+0000	-4.29000000000000E+0001
 3.87898759758573E+0002	 5.70112903225806E+0002	 3.20762000000000E+0002	 1.78860000000000E+0001	 4.95541000000000E+0002	 2.49980000000000E+0001	 6.47929000000000E-0003	-3.62399000000000E-0005	 5.89026363636364E+0000	-3.87108000000000E+0000	-4.29000000000000E+0001
 3.89575639920716E+0002	 5.69967741935484E+0002	 3.20773000000000E+0002	 1.78850000000000E+0001	 4.95467000000000E+0002	 2.50010000000000E+0001	 6.48120000000000E-0003	-3.81472000000000E-0005	 5.89200000000000E+0000	-3.83193000000000E+0000	-4.29000000000000E+0001
 3.91246672132911E+0002	 5.70112903225806E+0002	 3.20800000000000E+0002	 1.78830000000000E+0001	 4.95228000000000E+0002	 2.50170000000000E+0001	 6.47929000000000E-0003	-3.81472000000000E-0005	 5.89026363636364E+0000	-3.79241000000000E+0000	-4.29000000000000E+0001
 3.92916736065617E+0002	 5.70161290322581E+0002	 3.20686000000000E+0002	 1.78920000000000E+0001	 4.95268000000000E+0002	 2.50140000000000E+0001	 6.47929000000000E-0003	-3.81472000000000E-0005	 5.89026363636364E+0000	-3.75289000000000E+0000	-4.29000000000000E+0001
 3.94597536279052E+0002	 5.70016129032258E+0002	 3.20731000000000E+0002	 1.78880000000000E+0001	 4.95652000000000E+0002	 2.49930000000000E+0001	 6.47929000000000E-0003	-3.81472000000000E-0005	 5.89026363636364E+0000	-3.71375000000000E+0000	-4.29000000000000E+0001
 3.96270521812130E+0002	 5.69870967741935E+0002	 3.20548000000000E+0002	 1.79040000000000E+0001	 4.95721000000000E+0002	 2.49880000000000E+0001	 6.47929000000000E-0003	-3.81472000000000E-0005	 5.89026363636364E+0000	-3.67423000000000E+0000	-4.29000000000000E+0001
 3.97944486519935E+0002	 5.69967741935484E+0002	 3.20585000000000E+0002	 1.79010000000000E+0001	 4.95595000000000E+0002	 2.49950000000000E+0001	 6.47929000000000E-0003	-3.81472000000000E-0005	 5.89026363636364E+0000	-3.63471000000000E+0000	-4.29000000000000E+0001
 3.99621380650334E+0002	 5.70064516129032E+0002	 3.20549000000000E+0002	 1.79020000000000E+0001	 4.95495000000000E+0002	 2.50040000000000E+0001	 6.47929000000000E-0003	-3.81472000000000E-0005	 5.89026363636364E+0000	-3.59519000000000E+0000	-4.29000000000000E+0001
 4.01300240114316E+0002	 5.70064516129032E+0002	 3.20494000000000E+0002	 1.79090000000000E+0001	 4.95402000000000E+0002	 2.50070000000000E+0001	 6.47929000000000E-0003	-3.81472000000000E-0005	 5.89026363636364E+0000	-3.55604000000000E+0000	-4.29000000000000E+0001
 4.02976145292209E+0002	 5.69919354838710E+0002	 3.20514000000000E+0002	 1.79070000000000E+0001	 4.95452000000000E+0002	 2.50040000000000E+0001	 6.47929000000000E-0003	-3.81472000000000E-0005	 5.89026363636364E+0000	-3.51652000000000E+0000	-4.29000000000000E+0001
 4.04643270024542E+0002	 5.70161290322581E+0002	 3.20525000000000E+0002	 1.79060000000000E+0001	 4.95667000000000E+0002	 2.49910000000000E+0001	 6.47929000000000E-0003	-3.81472000000000E-0005	 5.89026363636364E+0000	-3.47775000000000E+0000	-4.29000000000000E+0001
 4.06292816265754E+0002	 5.69870967741935E+0002	 3.20429000000000E+0002	 1.79140000000000E+0001	 4.95639000000000E+0002	 2.49930000000000E+0001	 6.47929000000000E-0003	-3.81472000000000E-0005	 5.89026363636364E+0000	-3.43861000000000E+0000	-4.29000000000000E+0001
 4.07963852389061E+0002	 5.70112903225806E+0002	 3.20582000000000E+0002	 1.79010000000000E+0001	 4.95421000000000E+0002	 2.50050000000000E+0001	 6.47929000000000E-0003	-3.81472000000000E-0005	 5.89026363636364E+0000	-3.39984000000000E+0000	-4.29000000000000E+0001
 4.09608520077272E+0002	 5.70064516129032E+0002	 3.20411000000000E+0002	 1.79160000000000E+0001	 4.95627000000000E+0002	 2.49930000000000E+0001	 6.47929000000000E-0003	-3.81472000000000E-0005	 5.89026363636364E+0000	-3.36070000000000E+0000	-4.29000000000000E+0001
 4.11275647603257E+0002	 5.70112903225806E+0002	 3.20402000000000E+0002	 1.79160000000000E+0001	 4.95571000000000E+0002	 2.49970000000000E+0001	 6.47929000000000E-0003	-3.62399000000000E-0005	 5.89026363636364E+0000	-3.32193000000000E+0000	-4.29000000000000E+0001
 4.12929100486235E+0002	 5.69967741935484E+0002	 3.20567000000000E+0002	 1.79030000000000E+0001	 4.95315000000000E+0002	 2.50120000000000E+0001	 6.47929000000000E-0003	-3.81472000000000E-0005	 5.89026363636364E+0000	-3.28241000000000E+0000	-4.29000000000000E+0001
 4.14605022146669E+0002	 5.70016129032258E+0002	 3.20423000000000E+0002	 1.79140000000000E+0001	 4.95297000000000E+0002	 2.50100000000000E+0001	 6.47929000000000E-0003	-3.81472000000000E-0005	 5.89026363636364E+0000	-3.24289000000000E+0000	-4.29000000000000E+0001
 4.16278001813080E+0002	 5.69774193548387E+0002	 3.20371000000000E+0002	 1.79190000000000E+0001	 4.95599000000000E+0002	 2.49950000000000E+0001	 6.47929000000000E-0003	-3.81472000000000E-0005	 5.89026363636364E+0000	-3.20374000000000E+0000	-4.29000000000000E+0001
 4.17945135205731E+0002	 5.70161290322581E+0002	 3.20230000000000E+0002	 1.79310000000000E+0001	 4.95849000000000E+0002	 2.49810000000000E+0001	 6.47929000000000E-0003	-3.62399000000000E-0005	 5.89026363636364E+0000	-3.16422000000000E+0000	-4.29000000000000E+0001
 4.19621050720133E+0002	 5.70064516129032E+0002	 3.20204000000000E+0002	 1.79330000000000E+0001	 4.95420000000000E+0002	 2.50060000000000E+0001	 6.47929000000000E-0003	-3.81472000000000E-0005	 5.89026363636364E+0000	-3.12545000000000E+0000	-4.29000000000000E+0001
 4.21268644757923E+0002	 5.70016129032258E+0002	 3.20225000000000E+0002	 1.79310000000000E+0001	 4.95386000000000E+0002	 2.50070000000000E+0001	 6.47929000000000E-0003	-3.81472000000000E-0005	 5.89026363636364E+0000	-3.08631000000000E+0000	-4.29000000000000E+0001
 4.22943589478551E+0002	 5.69967741935484E+0002	 3.20226000000000E+0002	 1.79300000000000E+0001	 4.95542000000000E+0002	 2.50000000000000E+0001	 6.47929000000000E-0003	-3.62399000000000E-0005	 5.89026363636364E+0000	-3.04679000000000E+0000	-4.29000000000000E+0001
 4.24620483888315E+0002	 5.70161290322581E+0002	 3.20107000000000E+0002	 1.79410000000000E+0001	 4.95391000000000E+0002	 2.50070000000000E+0001	 6.47929000000000E-0003	-3.81472000000000E-0005	 5.89026363636364E+0000	-3.00727000000000E+0000	-4.29000000000000E+0001
 4.26292491364126E+0002	 5.70112903225806E+0002	 3.20095000000000E+0002	 1.79420000000000E+0001	 4.95497000000000E+0002	 2.50010000000000E+0001	 6.47929000000000E-0003	-3.81472000000000E-0005	 5.89026363636364E+0000	-2.96812000000000E+0000	-4.29000000000000E+0001
 4.27964503030413E+0002	 5.70112903225806E+0002	 3.20076000000000E+0002	 1.79440000000000E+0001	 4.95487000000000E+0002	 2.50020000000000E+0001	 6.47929000000000E-0003	-3.81472000000000E-0005	 5.89026363636364E+0000	-2.92860000000000E+0000	-4.29000000000000E+0001
 4.29644326304041E+0002	 5.70161290322581E+0002	 3.19912000000000E+0002	 1.79580000000000E+0001	 4.95391000000000E+0002	 2.50070000000000E+0001	 6.47929000000000E-0003	-3.81472000000000E-0005	 5.89026363636364E+0000	-2.88946000000000E+0000	-4.29000000000000E+0001
 4.31315360751157E+0002	 5.70161290322581E+0002	 3.19966000000000E+0002	 1.79530000000000E+0001	 4.95513000000000E+0002	 2.50000000000000E+0001	 6.47929000000000E-0003	-3.81472000000000E-0005	 5.89026363636364E+0000	-2.84994000000000E+0000	-4.29000000000000E+0001
 4.32985419934656E+0002	 5.70064516129032E+0002	 3.19943000000000E+0002	 1.79550000000000E+0001	 4.95524000000000E+0002	 2.49990000000000E+0001	 6.47929000000000E-0003	-3.81472000000000E-0005	 5.89026363636364E+0000	-2.81117000000000E+0000	-4.29000000000000E+0001
 4.34638872258904E+0002	 5.67935483870968E+0002	 3.19975000000000E+0002	 1.79520000000000E+0001	 4.95435000000000E+0002	 2.50050000000000E+0001	 6.47929000000000E-0003	-3.81472000000000E-0005	 5.89026363636364E+0000	-2.77165000000000E+0000	-4.29000000000000E+0001
 4.36311855836426E+0002	 5.67596774193548E+0002	 3.19836000000000E+0002	 1.79620000000000E+0001	 4.95531000000000E+0002	 2.49980000000000E+0001	 6.47929000000000E-0003	-3.81472000000000E-0005	 5.89026363636364E+0000	-2.73250000000000E+0000	-4.29000000000000E+0001
 4.37982889166081E+0002	 5.68129032258065E+0002	 3.19777000000000E+0002	 1.79690000000000E+0001	 4.95548000000000E+0002	 2.49980000000000E+0001	 6.47929000000000E-0003	-3.81472000000000E-0005	 5.89026363636364E+0000	-2.69298000000000E+0000	-4.29000000000000E+0001
 4.39658806915404E+0002	 5.67935483870968E+0002	 3.19810000000000E+0002	 1.79660000000000E+0001	 4.95549000000000E+0002	 2.49980000000000E+0001	 6.47929000000000E-0003	-3.81472000000000E-0005	 5.89026363636364E+0000	-2.65346000000000E+0000	-4.29000000000000E+0001
 4.41336683852277E+0002	 5.67935483870968E+0002	 3.19843000000000E+0002	 1.79660000000000E+0001	 4.95459000000000E+0002	 2.50030000000000E+0001	 6.47929000000000E-0003	-3.81472000000000E-0005	 5.89026363636364E+0000	-2.61432000000000E+0000	-4.29000000000000E+0001
 4.43009670223450E+0002	 5.67887096774194E+0002	 3.19588000000000E+0002	 1.79850000000000E+0001	 4.95574000000000E+0002	 2.49970000000000E+0001	 6.47929000000000E-0003	-3.81472000000000E-0005	 5.89026363636364E+0000	-2.57480000000000E+0000	-4.29000000000000E+0001
 4.44688513763621E+0002	 5.68129032258065E+0002	 3.19636000000000E+0002	 1.79810000000000E+0001	 4.95629000000000E+0002	 2.49930000000000E+0001	 6.47929000000000E-0003	-3.81472000000000E-0005	 5.89026363636364E+0000	-2.53528000000000E+0000	-4.29000000000000E+0001
 4.46363457087423E+0002	 5.67935483870968E+0002	 3.19627000000000E+0002	 1.79820000000000E+0001	 4.95738000000000E+0002	 2.49870000000000E+0001	 6.47929000000000E-0003	-3.81472000000000E-0005	 5.89026363636364E+0000	-2.49613000000000E+0000	-4.29000000000000E+0001
 4.48034493769460E+0002	 5.68032258064516E+0002	 3.19795000000000E+0002	 1.79680000000000E+0001	 4.95520000000000E+0002	 2.50000000000000E+0001	 6.47929000000000E-0003	-3.81472000000000E-0005	 5.89026363636364E+0000	-2.45661000000000E+0000	-4.29000000000000E+0001
 4.49708452889962E+0002	 5.67838709677419E+0002	 3.19669000000000E+0002	 1.79780000000000E+0001	 4.95533000000000E+0002	 2.49990000000000E+0001	 6.47929000000000E-0003	-3.81472000000000E-0005	 5.89026363636364E+0000	-2.41747000000000E+0000	-4.29000000000000E+0001
 4.51375578181026E+0002	 5.67887096774194E+0002	 3.19800000000000E+0002	 1.79670000000000E+0001	 4.95386000000000E+0002	 2.50070000000000E+0001	 6.47929000000000E-0003	-3.62399000000000E-0005	 5.89026363636364E+0000	-2.37832000000000E+0000	-4.29000000000000E+0001
 4.53032941337516E+0002	 5.68080645161290E+0002	 3.19606000000000E+0002	 1.79830000000000E+0001	 4.95439000000000E+0002	 2.50040000000000E+0001	 6.47929000000000E-0003	-3.81472000000000E-0005	 5.89026363636364E+0000	-2.33918000000000E+0000	-4.29000000000000E+0001
 4.54704954679994E+0002	 5.67983870967742E+0002	 3.19729000000000E+0002	 1.79720000000000E+0001	 4.95474000000000E+0002	 2.50050000000000E+0001	 6.47929000000000E-0003	-3.81472000000000E-0005	 5.89026363636364E+0000	-2.29966000000000E+0000	-4.29000000000000E+0001
 4.56377937978151E+0002	 5.67935483870968E+0002	 3.19591000000000E+0002	 1.79850000000000E+0001	 4.95573000000000E+0002	 2.49970000000000E+0001	 6.47929000000000E-0003	-3.81472000000000E-0005	 5.89026363636364E+0000	-2.26051000000000E+0000	-4.29000000000000E+0001
 4.58048972983997E+0002	 5.67887096774194E+0002	 3.19529000000000E+0002	 1.79900000000000E+0001	 4.95381000000000E+0002	 2.50080000000000E+0001	 6.47929000000000E-0003	-3.81472000000000E-0005	 5.89026363636364E+0000	-2.22137000000000E+0000	-4.29000000000000E+0001
 4.59718063888008E+0002	 5.68177419354839E+0002	 3.19410000000000E+0002	 1.80000000000000E+0001	 4.95381000000000E+0002	 2.50080000000000E+0001	 6.47929000000000E-0003	-3.81472000000000E-0005	 5.89026363636364E+0000	-2.18222000000000E+0000	-4.29000000000000E+0001
 4.61370535920068E+0002	 5.67935483870968E+0002	 3.19539000000000E+0002	 1.79890000000000E+0001	 4.95429000000000E+0002	 2.50050000000000E+0001	 6.47929000000000E-0003	-3.81472000000000E-0005	 5.89026363636364E+0000	-2.14308000000000E+0000	-4.29000000000000E+0001
 4.63041569808453E+0002	 5.67838709677419E+0002	 3.19760000000000E+0002	 1.79710000000000E+0001	 4.95594000000000E+0002	 2.49970000000000E+0001	 6.47929000000000E-0003	-3.81472000000000E-0005	 5.89026363636364E+0000	-2.10356000000000E+0000	-4.29000000000000E+0001
 4.64720411672433E+0002	 5.68080645161290E+0002	 3.19419000000000E+0002	 1.79990000000000E+0001	 4.95686000000000E+0002	 2.49900000000000E+0001	 6.47929000000000E-0003	-3.81472000000000E-0005	 5.89026363636364E+0000	-2.06404000000000E+0000	-4.29000000000000E+0001
 4.66393403910273E+0002	 5.67838709677419E+0002	 3.19590000000000E+0002	 1.79850000000000E+0001	 4.95702000000000E+0002	 2.49890000000000E+0001	 6.47929000000000E-0003	-3.81472000000000E-0005	 5.89026363636364E+0000	-2.02489000000000E+0000	-4.29000000000000E+0001
 4.68063456389010E+0002	 5.67887096774194E+0002	 3.19563000000000E+0002	 1.79870000000000E+0001	 4.95503000000000E+0002	 2.50010000000000E+0001	 6.47929000000000E-0003	-3.81472000000000E-0005	 5.89026363636364E+0000	-1.98613000000000E+0000	-4.29000000000000E+0001
 4.69719852104108E+0002	 5.68080645161290E+0002	 3.19520000000000E+0002	 1.79910000000000E+0001	 4.95360000000000E+0002	 2.50090000000000E+0001	 6.47929000000000E-0003	-3.62399000000000E-0005	 5.89026363636364E+0000	-1.94661000000000E+0000	-4.29000000000000E+0001
 4.71387961039741E+0002	 5.67887096774194E+0002	 3.19606000000000E+0002	 1.79820000000000E+0001	 4.95375000000000E+0002	 2.50100000000000E+0001	 6.47929000000000E-0003	-3.81472000000000E-0005	 5.89026363636364E+0000	-1.90746000000000E+0000	-4.29000000000000E+0001
 4.73061915690402E+0002	 5.67983870967742E+0002	 3.19616000000000E+0002	 1.79830000000000E+0001	 4.95288000000000E+0002	 2.50130000000000E+0001	 6.47929000000000E-0003	-3.81472000000000E-0005	 5.89026363636364E+0000	-1.86794000000000E+0000	-4.29000000000000E+0001
 4.74729045730672E+0002	 5.67935483870968E+0002	 3.19448000000000E+0002	 1.79970000000000E+0001	 4.95545000000000E+0002	 2.49980000000000E+0001	 6.48120000000000E-0003	-3.81472000000000E-0005	 5.89200000000000E+0000	-1.82880000000000E+0000	-4.29000000000000E+0001
 4.76404959568884E+0002	 5.67887096774194E+0002	 3.19555000000000E+0002	 1.79880000000000E+0001	 4.95430000000000E+0002	 2.50050000000000E+0001	 6.47929000000000E-0003	-3.81472000000000E-0005	 5.89026363636364E+0000	-1.78965000000000E+0000	-4.29000000000000E+0001
 4.78056460807170E+0002	 5.67983870967742E+0002	 3.19430000000000E+0002	 1.79980000000000E+0001	 4.95571000000000E+0002	 2.49970000000000E+0001	 6.47929000000000E-0003	-3.81472000000000E-0005	 5.89026363636364E+0000	-1.75051000000000E+0000	-4.29000000000000E+0001
 4.79731406365893E+0002	 5.68177419354839E+0002	 3.19304000000000E+0002	 1.80100000000000E+0001	 4.95586000000000E+0002	 2.49950000000000E+0001	 6.47929000000000E-0003	-3.81472000000000E-0005	 5.89026363636364E+0000	-1.71099000000000E+0000	-4.29000000000000E+0001
 4.81403412444878E+0002	 5.67935483870968E+0002	 3.19306000000000E+0002	 1.80090000000000E+0001	 4.95485000000000E+0002	 2.50020000000000E+0001	 6.47929000000000E-0003	-3.81472000000000E-0005	 5.89026363636364E+0000	-1.67184000000000E+0000	-4.29000000000000E+0001
 4.83071516631304E+0002	 5.67790322580645E+0002	 3.19317000000000E+0002	 1.80080000000000E+0001	 4.95518000000000E+0002	 2.50000000000000E+0001	 6.47929000000000E-0003	-3.81472000000000E-0005	 5.89026363636364E+0000	-1.63270000000000E+0000	-4.29000000000000E+0001
 4.84745477427997E+0002	 5.67935483870968E+0002	 3.19377000000000E+0002	 1.80030000000000E+0001	 4.95692000000000E+0002	 2.49900000000000E+0001	 6.47929000000000E-0003	-3.62399000000000E-0005	 5.89026363636364E+0000	-1.59355000000000E+0000	-4.29000000000000E+0001
 4.86398933383992E+0002	 5.67935483870968E+0002	 3.19264000000000E+0002	 1.80120000000000E+0001	 4.95597000000000E+0002	 2.49950000000000E+0001	 6.48120000000000E-0003	-3.81472000000000E-0005	 5.89200000000000E+0000	-1.55441000000000E+0000	-4.29000000000000E+0001
 4.88071921710720E+0002	 5.68177419354839E+0002	 3.19107000000000E+0002	 1.80240000000000E+0001	 4.95471000000000E+0002	 2.50030000000000E+0001	 6.47929000000000E-0003	-3.81472000000000E-0005	 5.89026363636364E+0000	-1.51489000000000E+0000	-4.29000000000000E+0001
 4.89743938684945E+0002	 5.67935483870968E+0002	 3.19081000000000E+0002	 1.80280000000000E+0001	 4.95366000000000E+0002	 2.50090000000000E+0001	 6.48120000000000E-0003	-3.81472000000000E-0005	 5.89200000000000E+0000	-1.47537000000000E+0000	-4.29000000000000E+0001
 4.91420827786772E+0002	 5.67645161290323E+0002	 3.19217000000000E+0002	 1.80160000000000E+0001	 4.95344000000000E+0002	 2.50100000000000E+0001	 6.47929000000000E-0003	-3.62399000000000E-0005	 5.89026363636364E+0000	-1.43622000000000E+0000	-4.29000000000000E+0001
 4.93096740786888E+0002	 5.67887096774194E+0002	 3.19146000000000E+0002	 1.80220000000000E+0001	 4.95530000000000E+0002	 2.49980000000000E+0001	 6.47929000000000E-0003	-3.81472000000000E-0005	 5.89026363636364E+0000	-1.39670000000000E+0000	-4.29000000000000E+0001
 4.94769733583458E+0002	 5.79708333333333E+0002	 3.19003000000000E+0002	 1.80340000000000E+0001	 4.95560000000000E+0002	 2.49970000000000E+0001	 6.47929000000000E-0003	-3.81472000000000E-0005	 5.89026363636364E+0000	-1.35718000000000E+0000	-4.29000000000000E+0001
 4.96448579079185E+0002	 5.79583333333333E+0002	 3.19246000000000E+0002	 1.80140000000000E+0001	 4.95549000000000E+0002	 2.49980000000000E+0001	 6.47929000000000E-0003	-3.81472000000000E-0005	 5.89026363636364E+0000	-1.31804000000000E+0000	-4.29000000000000E+0001
 4.98121567405913E+0002	 5.79583333333333E+0002	 3.18968000000000E+0002	 1.80370000000000E+0001	 4.95564000000000E+0002	 2.49970000000000E+0001	 6.47929000000000E-0003	-3.81472000000000E-0005	 5.89026363636364E+0000	-1.27852000000000E+0000	-4.29000000000000E+0001
 4.99798459022027E+0002	 5.79666666666667E+0002	 3.19018000000000E+0002	 1.80330000000000E+0001	 4.95384000000000E+0002	 2.50080000000000E+0001	 6.48120000000000E-0003	-3.81472000000000E-0005	 5.89200000000000E+0000	-1.23900000000000E+0000	-4.29000000000000E+0001
 5.01470498624825E+0002	 5.79500000000000E+0002	 3.19026000000000E+0002	 1.80320000000000E+0001	 4.95321000000000E+0002	 2.50110000000000E+0001	 6.48120000000000E-0003	-3.62399000000000E-0005	 5.89200000000000E+0000	-1.19985000000000E+0000	-4.29000000000000E+0001
 5.03135645172780E+0002	 5.79666666666667E+0002	 3.18826000000000E+0002	 1.80490000000000E+0001	 4.95506000000000E+0002	 2.50000000000000E+0001	 6.47929000000000E-0003	-3.81472000000000E-0005	 5.89026363636364E+0000	-1.16108000000000E+0000	-4.29000000000000E+0001
 5.04791051656007E+0002	 5.79666666666667E+0002	 3.18775000000000E+0002	 1.80530000000000E+0001	 4.95550000000000E+0002	 2.49980000000000E+0001	 6.47929000000000E-0003	-3.81472000000000E-0005	 5.89026363636364E+0000	-1.12156000000000E+0000	-4.29000000000000E+0001
 5.06465036198735E+0002	 5.79500000000000E+0002	 3.18796000000000E+0002	 1.80500000000000E+0001	 4.95600000000000E+0002	 2.49950000000000E+0001	 6.48120000000000E-0003	-3.62399000000000E-0005	 5.89200000000000E+0000	-1.08242000000000E+0000	-4.29000000000000E+0001
 5.08138005808001E+0002	 5.79625000000000E+0002	 3.18940000000000E+0002	 1.80400000000000E+0001	 4.95334000000000E+0002	 2.50100000000000E+0001	 6.47929000000000E-0003	-3.62399000000000E-0005	 5.89026363636364E+0000	-1.04290000000000E+0000	-4.29000000000000E+0001
 5.09809051988451E+0002	 5.79625000000000E+0002	 3.19055000000000E+0002	 1.80300000000000E+0001	 4.95287000000000E+0002	 2.50130000000000E+0001	 6.47929000000000E-0003	-3.81472000000000E-0005	 5.89026363636364E+0000	-1.00338000000000E+0000	-4.29000000000000E+0001
 5.11485938017262E+0002	 5.79750000000000E+0002	 3.18808000000000E+0002	 1.80510000000000E+0001	 4.95352000000000E+0002	 2.50090000000000E+0001	 6.48120000000000E-0003	-3.81472000000000E-0005	 5.89200000000000E+0000	-9.64610000000000E-0001	-4.29000000000000E+0001
 5.13133520601082E+0002	 5.79750000000000E+0002	 3.18815000000000E+0002	 1.80500000000000E+0001	 4.95600000000000E+0002	 2.49950000000000E+0001	 6.47929000000000E-0003	-3.81472000000000E-0005	 5.89026363636364E+0000	-9.25460000000000E-0001	-4.29000000000000E+0001
 5.14803579784582E+0002	 5.79541666666667E+0002	 3.19040000000000E+0002	 1.80330000000000E+0001	 4.95815000000000E+0002	 2.49810000000000E+0001	 6.47929000000000E-0003	-3.81472000000000E-0005	 5.89026363636364E+0000	-8.85940000000000E-0001	-4.29000000000000E+0001
 5.16480497102285E+0002	 5.79625000000000E+0002	 3.18872000000000E+0002	 1.80450000000000E+0001	 4.95834000000000E+0002	 2.49810000000000E+0001	 6.47929000000000E-0003	-3.81472000000000E-0005	 5.89026363636364E+0000	-8.46800000000000E-0001	-4.29000000000000E+0001
 5.18150535333401E+0002	 5.79500000000000E+0002	 3.18796000000000E+0002	 1.80520000000000E+0001	 4.95451000000000E+0002	 2.50040000000000E+0001	 6.48120000000000E-0003	-3.81472000000000E-0005	 5.89200000000000E+0000	-8.07660000000000E-0001	-4.29000000000000E+0001
 5.19821566148770E+0002	 5.79750000000000E+0002	 3.18778000000000E+0002	 1.80530000000000E+0001	 4.95148000000000E+0002	 2.50210000000000E+0001	 6.48120000000000E-0003	-3.81472000000000E-0005	 5.89200000000000E+0000	-7.68510000000000E-0001	-4.29000000000000E+0001
 5.21473096441028E+0002	 5.79541666666667E+0002	 3.18736000000000E+0002	 1.80570000000000E+0001	 4.95096000000000E+0002	 2.50240000000000E+0001	 6.48120000000000E-0003	-3.81472000000000E-0005	 5.89200000000000E+0000	-7.29370000000000E-0001	-4.29000000000000E+0001
 5.23148984298284E+0002	 5.79583333333333E+0002	 3.18761000000000E+0002	 1.80550000000000E+0001	 4.95291000000000E+0002	 2.50130000000000E+0001	 6.48120000000000E-0003	-3.81472000000000E-0005	 5.89200000000000E+0000	-6.89850000000000E-0001	-4.29000000000000E+0001
 5.24818065983246E+0002	 5.79541666666667E+0002	 3.18656000000000E+0002	 1.80630000000000E+0001	 4.95689000000000E+0002	 2.49900000000000E+0001	 6.47929000000000E-0003	-3.81472000000000E-0005	 5.89026363636364E+0000	-6.50320000000000E-0001	-4.29000000000000E+0001
 5.26494969612060E+0002	 5.79541666666667E+0002	 3.18631000000000E+0002	 1.80660000000000E+0001	 4.95789000000000E+0002	 2.49840000000000E+0001	 6.47929000000000E-0003	-3.81472000000000E-0005	 5.89026363636364E+0000	-6.11180000000000E-0001	-4.29000000000000E+0001
 5.28165017620955E+0002	 5.79708333333333E+0002	 3.18651000000000E+0002	 1.80640000000000E+0001	 4.95428000000000E+0002	 2.50050000000000E+0001	 6.47929000000000E-0003	-3.81472000000000E-0005	 5.89026363636364E+0000	-5.72410000000000E-0001	-4.29000000000000E+0001
 5.29818472180123E+0002	 5.79708333333333E+0002	 3.18451000000000E+0002	 1.80810000000000E+0001	 4.95443000000000E+0002	 2.50040000000000E+0001	 6.47929000000000E-0003	-3.81472000000000E-0005	 5.89026363636364E+0000	-5.32890000000000E-0001	-4.29000000000000E+0001
 5.31489516405018E+0002	 5.79625000000000E+0002	 3.18483000000000E+0002	 1.80790000000000E+0001	 4.95362000000000E+0002	 2.50080000000000E+0001	 6.47929000000000E-0003	-3.81472000000000E-0005	 5.89026363636364E+0000	-4.93750000000000E-0001	-4.29000000000000E+0001
 5.33160546382292E+0002	 5.79708333333333E+0002	 3.18634000000000E+0002	 1.80650000000000E+0001	 4.95361000000000E+0002	 2.50090000000000E+0001	 6.48120000000000E-0003	-3.81472000000000E-0005	 5.89200000000000E+0000	-4.54230000000000E-0001	-4.29000000000000E+0001
 5.34836460220503E+0002	 5.79625000000000E+0002	 3.18425000000000E+0002	 1.80830000000000E+0001	 4.95535000000000E+0002	 2.49990000000000E+0001	 6.48120000000000E-0003	-3.81472000000000E-0005	 5.89200000000000E+0000	-4.15080000000000E-0001	-4.29000000000000E+0001
 5.36503607581411E+0002	 5.79541666666667E+0002	 3.18635000000000E+0002	 1.80650000000000E+0001	 4.95521000000000E+0002	 2.50000000000000E+0001	 6.47929000000000E-0003	-3.62399000000000E-0005	 5.89026363636364E+0000	-3.76310000000000E-0001	-4.29000000000000E+0001
 5.38158999537651E+0002	 5.79458333333333E+0002	 3.18385000000000E+0002	 1.80860000000000E+0001	 4.95803000000000E+0002	 2.49830000000000E+0001	 6.47929000000000E-0003	-3.62399000000000E-0005	 5.89026363636364E+0000	-3.36790000000000E-0001	-4.29000000000000E+0001
 5.39831985908824E+0002	 5.79583333333333E+0002	 3.18480000000000E+0002	 1.80780000000000E+0001	 4.95556000000000E+0002	 2.49980000000000E+0001	 6.48120000000000E-0003	-3.81472000000000E-0005	 5.89200000000000E+0000	-2.97270000000000E-0001	-4.29000000000000E+0001
 5.41505954807105E+0002	 5.79583333333333E+0002	 3.18483000000000E+0002	 1.80780000000000E+0001	 4.95529000000000E+0002	 2.49990000000000E+0001	 6.47929000000000E-0003	-3.81472000000000E-0005	 5.89026363636364E+0000	-2.58130000000000E-0001	-4.29000000000000E+0001
 5.43182840277186E+0002	 5.79625000000000E+0002	 3.18604000000000E+0002	 1.80680000000000E+0001	 4.95449000000000E+0002	 2.50040000000000E+0001	 6.48120000000000E-0003	-3.62399000000000E-0005	 5.89200000000000E+0000	-2.18610000000000E-0001	-4.29000000000000E+0001
 5.44860714699773E+0002	 5.79583333333333E+0002	 3.18692000000000E+0002	 1.80600000000000E+0001	 4.95376000000000E+0002	 2.50050000000000E+0001	 6.48120000000000E-0003	-3.81472000000000E-0005	 5.89200000000000E+0000	-1.79090000000000E-0001	-4.29000000000000E+0001
 5.46531750543714E+0002	 5.79666666666667E+0002	 3.18444000000000E+0002	 1.80810000000000E+0001	 4.95367000000000E+0002	 2.50090000000000E+0001	 6.48120000000000E-0003	-3.62399000000000E-0005	 5.89200000000000E+0000	-1.39570000000000E-0001	-4.29000000000000E+0001
 5.48206689118310E+0002	 5.79541666666667E+0002	 3.18443000000000E+0002	 1.80810000000000E+0001	 4.95413000000000E+0002	 2.50060000000000E+0001	 6.48120000000000E-0003	-3.81472000000000E-0005	 5.89200000000000E+0000	-1.00420000000000E-0001	-4.29000000000000E+0001
 5.49873816923659E+0002	 5.79541666666667E+0002	 3.18520000000000E+0002	 1.80750000000000E+0001	 4.95391000000000E+0002	 2.50070000000000E+0001	 6.48120000000000E-0003	-3.81472000000000E-0005	 5.89200000000000E+0000	-6.16500000000000E-0002	-4.29000000000000E+0001
 5.51525322911152E+0002	 5.79583333333333E+0002	 3.18447000000000E+0002	 1.80810000000000E+0001	 4.95582000000000E+0002	 2.49960000000000E+0001	 6.48120000000000E-0003	-3.81472000000000E-0005	 5.89200000000000E+0000	-2.25100000000000E-0002	-4.29000000000000E+0001
