Data recorded as Sample1: B00KOD1A_MR_AB_
Osc Amp:  1.10000000000000E+0000	Osc Freq:  3.36600000000000E+0001	Phase:  0.00000000000000E+0000	Time Constant: 9	Conductance Ratio:  1.00000000000000E-0003	Current:  1.10000000000000E-0003
Time(s)	HeLevel(mm)	VTIRes(Ohms)	VTITemp(K)	ProbeRes(Ohms)	ProbeTemp(K)	X(V)	Y(V)	Resistance(Ohms)	Field(T)	Angle(°)
 2.68545303942261E-0001	 5.58512500000000E+0002	 3.18290000000000E+0002	 1.80940000000000E+0001	 4.95558000000000E+0002	 2.49970000000000E+0001	 6.48120000000000E-0003	-3.81472000000000E-0005	 5.89200000000000E+0000	 1.12900000000000E-0002	-4.29000000000000E+0001
 1.95914089639884E+0000	 5.58459375000000E+0002	 3.18296000000000E+0002	 1.80960000000000E+0001	 4.95466000000000E+0002	 2.50040000000000E+0001	 6.48120000000000E-0003	-3.81472000000000E-0005	 5.89200000000000E+0000	 5.08100000000000E-0002	-4.29000000000000E+0001
 3.63504244254507E+0000	 5.58459375000000E+0002	 3.18275000000000E+0002	 1.80960000000000E+0001	 4.95424000000000E+0002	 2.50050000000000E+0001	 6.48120000000000E-0003	-3.81472000000000E-0005	 5.89200000000000E+0000	 9.03300000000000E-0002	-4.29000000000000E+0001
 5.30802350578076E+0000	 5.58353125000000E+0002	 3.18180000000000E+0002	 1.81040000000000E+0001	 4.95373000000000E+0002	 2.50080000000000E+0001	 6.48120000000000E-0003	-3.62399000000000E-0005	 5.89200000000000E+0000	 1.29480000000000E-0001	-4.29000000000000E+0001
 6.98103110870236E+0000	 5.58565625000000E+0002	 3.18222000000000E+0002	 1.81000000000000E+0001	 4.95448000000000E+0002	 2.50030000000000E+0001	 6.48120000000000E-0003	-3.81472000000000E-0005	 5.89200000000000E+0000	 1.69000000000000E-0001	-4.29000000000000E+0001
 8.65693880088112E+0000	 5.58406250000000E+0002	 3.18234000000000E+0002	 1.80990000000000E+0001	 4.95479000000000E+0002	 2.50020000000000E+0001	 6.48120000000000E-0003	-3.81472000000000E-0005	 5.89200000000000E+0000	 2.08520000000000E-0001	-4.29000000000000E+0001
 1.03357848553377E+0001	 5.58725000000000E+0002	 3.18390000000000E+0002	 1.80860000000000E+0001	 4.95668000000000E+0002	 2.49910000000000E+0001	 6.48120000000000E-0003	-3.81472000000000E-0005	 5.89200000000000E+0000	 2.48040000000000E-0001	-4.29000000000000E+0001
 1.20077945660691E+0001	 5.58565625000000E+0002	 3.18366000000000E+0002	 1.80860000000000E+0001	 4.95771000000000E+0002	 2.49860000000000E+0001	 6.48120000000000E-0003	-3.81472000000000E-0005	 5.89200000000000E+0000	 2.87180000000000E-0001	-4.29000000000000E+0001
 1.36818103976902E+0001	 5.58406250000000E+0002	 3.18354000000000E+0002	 1.80890000000000E+0001	 4.95648000000000E+0002	 2.49920000000000E+0001	 6.48120000000000E-0003	-3.81472000000000E-0005	 5.89200000000000E+0000	 3.26700000000000E-0001	-4.29000000000000E+0001
 1.53596253155079E+0001	 5.58618750000000E+0002	 3.18284000000000E+0002	 1.80950000000000E+0001	 4.95379000000000E+0002	 2.50080000000000E+0001	 6.48120000000000E-0003	-3.81472000000000E-0005	 5.89200000000000E+0000	 3.66230000000000E-0001	-4.29000000000000E+0001
 1.70287151020591E+0001	 5.58618750000000E+0002	 3.18233000000000E+0002	 1.80990000000000E+0001	 4.95500000000000E+0002	 2.50000000000000E+0001	 6.48120000000000E-0003	-3.62399000000000E-0005	 5.89200000000000E+0000	 4.05370000000000E-0001	-4.29000000000000E+0001
 1.87095181091452E+0001	 5.58353125000000E+0002	 3.18270000000000E+0002	 1.80960000000000E+0001	 4.95386000000000E+0002	 2.50070000000000E+0001	 6.48311000000000E-0003	-3.62399000000000E-0005	 5.89373636363636E+0000	 4.44890000000000E-0001	-4.29000000000000E+0001
 2.03805424991165E+0001	 5.58512500000000E+0002	 3.18267000000000E+0002	 1.80960000000000E+0001	 4.95381000000000E+0002	 2.50080000000000E+0001	 6.48311000000000E-0003	-3.62399000000000E-0005	 5.89373636363636E+0000	 4.84410000000000E-0001	-4.29000000000000E+0001
 2.20613513728700E+0001	 5.58671875000000E+0002	 3.18248000000000E+0002	 1.80970000000000E+0001	 4.95522000000000E+0002	 2.49990000000000E+0001	 6.48120000000000E-0003	-3.62399000000000E-0005	 5.89200000000000E+0000	 5.23560000000000E-0001	-4.29000000000000E+0001
 2.37431248943651E+0001	 5.58512500000000E+0002	 3.18380000000000E+0002	 1.80870000000000E+0001	 4.95486000000000E+0002	 2.50020000000000E+0001	 6.48120000000000E-0003	-3.62399000000000E-0005	 5.89200000000000E+0000	 5.63080000000000E-0001	-4.29000000000000E+0001
 2.54083069216898E+0001	 5.58565625000000E+0002	 3.18277000000000E+0002	 1.80950000000000E+0001	 4.95664000000000E+0002	 2.49910000000000E+0001	 6.48120000000000E-0003	-3.81472000000000E-0005	 5.89200000000000E+0000	 6.02600000000000E-0001	-4.29000000000000E+0001
 2.70871549317022E+0001	 5.58459375000000E+0002	 3.18238000000000E+0002	 1.81000000000000E+0001	 4.95622000000000E+0002	 2.49930000000000E+0001	 6.48120000000000E-0003	-3.62399000000000E-0005	 5.89200000000000E+0000	 6.41740000000000E-0001	-4.29000000000000E+0001
 2.87552593974933E+0001	 5.58671875000000E+0002	 3.18381000000000E+0002	 1.80870000000000E+0001	 4.95626000000000E+0002	 2.49930000000000E+0001	 6.48120000000000E-0003	-3.81472000000000E-0005	 5.89200000000000E+0000	 6.81260000000000E-0001	-4.29000000000000E+0001
 3.04243421999165E+0001	 5.58512500000000E+0002	 3.18354000000000E+0002	 1.80890000000000E+0001	 4.95714000000000E+0002	 2.49880000000000E+0001	 6.48120000000000E-0003	-3.81472000000000E-0005	 5.89200000000000E+0000	 7.20410000000000E-0001	-4.29000000000000E+0001
 3.21031851813568E+0001	 5.58671875000000E+0002	 3.18352000000000E+0002	 1.80890000000000E+0001	 4.95553000000000E+0002	 2.49970000000000E+0001	 6.48120000000000E-0003	-3.81472000000000E-0005	 5.89200000000000E+0000	 7.59930000000000E-0001	-4.29000000000000E+0001
 3.37761726699902E+0001	 5.58512500000000E+0002	 3.18545000000000E+0002	 1.80730000000000E+0001	 4.95262000000000E+0002	 2.50150000000000E+0001	 6.48120000000000E-0003	-3.81472000000000E-0005	 5.89200000000000E+0000	 7.99450000000000E-0001	-4.29000000000000E+0001
 3.54530726670568E+0001	 5.58459375000000E+0002	 3.18415000000000E+0002	 1.80840000000000E+0001	 4.95420000000000E+0002	 2.50050000000000E+0001	 6.48120000000000E-0003	-3.81472000000000E-0005	 5.89200000000000E+0000	 8.38590000000000E-0001	-4.29000000000000E+0001
 3.71280087273662E+0001	 5.71806451612903E+0002	 3.18568000000000E+0002	 1.80690000000000E+0001	 4.95456000000000E+0002	 2.50030000000000E+0001	 6.48120000000000E-0003	-3.62399000000000E-0005	 5.89200000000000E+0000	 8.78110000000000E-0001	-4.29000000000000E+0001
 3.88010004064762E+0001	 5.71854838709677E+0002	 3.18443000000000E+0002	 1.80810000000000E+0001	 4.95668000000000E+0002	 2.49910000000000E+0001	 6.48120000000000E-0003	-3.62399000000000E-0005	 5.89200000000000E+0000	 9.17630000000000E-0001	-4.29000000000000E+0001
 4.04798478577585E+0001	 5.71806451612903E+0002	 3.18377000000000E+0002	 1.80870000000000E+0001	 4.95758000000000E+0002	 2.49860000000000E+0001	 6.48120000000000E-0003	-3.81472000000000E-0005	 5.89200000000000E+0000	 9.57160000000000E-0001	-4.29000000000000E+0001
 4.21557672832720E+0001	 5.71612903225806E+0002	 3.18461000000000E+0002	 1.80800000000000E+0001	 4.95782000000000E+0002	 2.49860000000000E+0001	 6.48120000000000E-0003	-3.81472000000000E-0005	 5.89200000000000E+0000	 9.96300000000000E-0001	-4.29000000000000E+0001
 4.38287528163496E+0001	 5.71806451612903E+0002	 3.18245000000000E+0002	 1.80980000000000E+0001	 4.95711000000000E+0002	 2.49890000000000E+0001	 6.48120000000000E-0003	-3.81472000000000E-0005	 5.89200000000000E+0000	 1.03582000000000E+0000	-4.29000000000000E+0001
 4.55066261214763E+0001	 5.71709677419355E+0002	 3.18364000000000E+0002	 1.80880000000000E+0001	 4.95493000000000E+0002	 2.50010000000000E+0001	 6.48120000000000E-0003	-3.81472000000000E-0005	 5.89200000000000E+0000	 1.07534000000000E+0000	-4.29000000000000E+0001
 4.71786313623659E+0001	 5.71709677419355E+0002	 3.18455000000000E+0002	 1.80810000000000E+0001	 4.95632000000000E+0002	 2.49930000000000E+0001	 6.48120000000000E-0003	-3.81472000000000E-0005	 5.89200000000000E+0000	 1.11486000000000E+0000	-4.29000000000000E+0001
 4.88545493910539E+0001	 5.71661290322581E+0002	 3.18550000000000E+0002	 1.80720000000000E+0001	 4.95443000000000E+0002	 2.50040000000000E+0001	 6.48120000000000E-0003	-3.62399000000000E-0005	 5.89200000000000E+0000	 1.15401000000000E+0000	-4.29000000000000E+0001
 5.05236567776072E+0001	 5.71709677419355E+0002	 3.18546000000000E+0002	 1.80730000000000E+0001	 4.95469000000000E+0002	 2.50030000000000E+0001	 6.48120000000000E-0003	-3.81472000000000E-0005	 5.89200000000000E+0000	 1.19315000000000E+0000	-4.29000000000000E+0001
 5.21927172308212E+0001	 5.71903225806452E+0002	 3.18341000000000E+0002	 1.80900000000000E+0001	 4.95517000000000E+0002	 2.50000000000000E+0001	 6.48120000000000E-0003	-3.81472000000000E-0005	 5.89200000000000E+0000	 1.23229000000000E+0000	-4.29000000000000E+0001
 5.38588619503317E+0001	 5.71854838709677E+0002	 3.18258000000000E+0002	 1.80970000000000E+0001	 4.95296000000000E+0002	 2.50130000000000E+0001	 6.48120000000000E-0003	-3.81472000000000E-0005	 5.89200000000000E+0000	 1.27144000000000E+0000	-4.29000000000000E+0001
 5.55182099959632E+0001	 5.72000000000000E+0002	 3.18275000000000E+0002	 1.80950000000000E+0001	 4.95474000000000E+0002	 2.50030000000000E+0001	 6.48120000000000E-0003	-3.81472000000000E-0005	 5.89200000000000E+0000	 1.31096000000000E+0000	-4.29000000000000E+0001
 5.71960520121971E+0001	 5.71854838709677E+0002	 3.18314000000000E+0002	 1.80920000000000E+0001	 4.95474000000000E+0002	 2.50020000000000E+0001	 6.48120000000000E-0003	-3.62399000000000E-0005	 5.89200000000000E+0000	 1.35048000000000E+0000	-4.29000000000000E+0001
 5.88749022571304E+0001	 5.71661290322581E+0002	 3.18296000000000E+0002	 1.80940000000000E+0001	 4.95531000000000E+0002	 2.49990000000000E+0001	 6.48120000000000E-0003	-3.81472000000000E-0005	 5.89200000000000E+0000	 1.38963000000000E+0000	-4.29000000000000E+0001
 6.05459428502785E+0001	 5.71709677419355E+0002	 3.18389000000000E+0002	 1.80860000000000E+0001	 4.95678000000000E+0002	 2.49910000000000E+0001	 6.48120000000000E-0003	-3.81472000000000E-0005	 5.89200000000000E+0000	 1.42915000000000E+0000	-4.29000000000000E+0001
 6.22316149119511E+0001	 5.71854838709677E+0002	 3.18455000000000E+0002	 1.80800000000000E+0001	 4.95724000000000E+0002	 2.49880000000000E+0001	 6.48120000000000E-0003	-3.81472000000000E-0005	 5.89200000000000E+0000	 1.46867000000000E+0000	-4.29000000000000E+0001
 6.38997224507584E+0001	 5.71854838709677E+0002	 3.18490000000000E+0002	 1.80770000000000E+0001	 4.95386000000000E+0002	 2.50070000000000E+0001	 6.48120000000000E-0003	-3.81472000000000E-0005	 5.89200000000000E+0000	 1.50781000000000E+0000	-4.29000000000000E+0001
 6.55824846453949E+0001	 5.71854838709677E+0002	 3.18596000000000E+0002	 1.80680000000000E+0001	 4.95492000000000E+0002	 2.50030000000000E+0001	 6.48120000000000E-0003	-3.81472000000000E-0005	 5.89200000000000E+0000	 1.54733000000000E+0000	-4.29000000000000E+0001
 6.72486254537937E+0001	 5.71806451612903E+0002	 3.18794000000000E+0002	 1.80520000000000E+0001	 4.95583000000000E+0002	 2.49960000000000E+0001	 6.48120000000000E-0003	-3.62399000000000E-0005	 5.89200000000000E+0000	 1.58648000000000E+0000	-4.29000000000000E+0001
 6.89177088149471E+0001	 5.71854838709677E+0002	 3.18529000000000E+0002	 1.80740000000000E+0001	 4.95360000000000E+0002	 2.50090000000000E+0001	 6.48120000000000E-0003	-3.81472000000000E-0005	 5.89200000000000E+0000	 1.62600000000000E+0000	-4.29000000000000E+0001
 7.05877772174955E+0001	 5.71758064516129E+0002	 3.18573000000000E+0002	 1.80700000000000E+0001	 4.95396000000000E+0002	 2.50070000000000E+0001	 6.48120000000000E-0003	-3.81472000000000E-0005	 5.89200000000000E+0000	 1.66476000000000E+0000	-4.29000000000000E+0001
 7.22382945318469E+0001	 5.71854838709677E+0002	 3.18622000000000E+0002	 1.80660000000000E+0001	 4.95519000000000E+0002	 2.50000000000000E+0001	 6.48120000000000E-0003	-3.81472000000000E-0005	 5.89200000000000E+0000	 1.70391000000000E+0000	-4.29000000000000E+0001
 7.39064029087496E+0001	 5.71951612903226E+0002	 3.18555000000000E+0002	 1.80720000000000E+0001	 4.95574000000000E+0002	 2.49970000000000E+0001	 6.47929000000000E-0003	-3.62399000000000E-0005	 5.89026363636364E+0000	 1.74268000000000E+0000	-4.29000000000000E+0001
 7.55569336326265E+0001	 5.71806451612903E+0002	 3.18587000000000E+0002	 1.80690000000000E+0001	 4.95540000000000E+0002	 2.49980000000000E+0001	 6.47929000000000E-0003	-3.62399000000000E-0005	 5.89026363636364E+0000	 1.78220000000000E+0000	-4.29000000000000E+0001
 7.72269875081889E+0001	 5.71709677419355E+0002	 3.18591000000000E+0002	 1.80690000000000E+0001	 4.95736000000000E+0002	 2.49870000000000E+0001	 6.48120000000000E-0003	-3.81472000000000E-0005	 5.89200000000000E+0000	 1.82059000000000E+0000	-4.29000000000000E+0001
 7.88745767967717E+0001	 5.71709677419355E+0002	 3.18681000000000E+0002	 1.80610000000000E+0001	 4.95522000000000E+0002	 2.50000000000000E+0001	 6.48120000000000E-0003	-3.81472000000000E-0005	 5.89200000000000E+0000	 1.86011000000000E+0000	-4.29000000000000E+0001
 8.05456204629359E+0001	 5.71854838709677E+0002	 3.18550000000000E+0002	 1.80720000000000E+0001	 4.95426000000000E+0002	 2.50050000000000E+0001	 6.48120000000000E-0003	-3.81472000000000E-0005	 5.89200000000000E+0000	 1.89888000000000E+0000	-4.29000000000000E+0001
 8.22000441396881E+0001	 5.71661290322581E+0002	 3.18635000000000E+0002	 1.80650000000000E+0001	 4.95578000000000E+0002	 2.49960000000000E+0001	 6.48120000000000E-0003	-3.81472000000000E-0005	 5.89200000000000E+0000	 1.93802000000000E+0000	-4.29000000000000E+0001
 8.38652205797106E+0001	 5.71758064516129E+0002	 3.18759000000000E+0002	 1.80520000000000E+0001	 4.95547000000000E+0002	 2.49990000000000E+0001	 6.48120000000000E-0003	-3.81472000000000E-0005	 5.89200000000000E+0000	 1.97754000000000E+0000	-4.29000000000000E+0001
 8.55382164492973E+0001	 5.71758064516129E+0002	 3.18642000000000E+0002	 1.80650000000000E+0001	 4.95581000000000E+0002	 2.49960000000000E+0001	 6.48120000000000E-0003	-3.81472000000000E-0005	 5.89200000000000E+0000	 2.01706000000000E+0000	-4.29000000000000E+0001
 8.72219357488172E+0001	 5.71854838709677E+0002	 3.18845000000000E+0002	 1.80480000000000E+0001	 4.95540000000000E+0002	 2.49980000000000E+0001	 6.48120000000000E-0003	-3.81472000000000E-0005	 5.89200000000000E+0000	 2.05621000000000E+0000	-4.29000000000000E+0001
 8.88890638335319E+0001	 5.71854838709677E+0002	 3.18796000000000E+0002	 1.80500000000000E+0001	 4.95417000000000E+0002	 2.50060000000000E+0001	 6.48120000000000E-0003	-3.81472000000000E-0005	 5.89200000000000E+0000	 2.09573000000000E+0000	-4.29000000000000E+0001
 9.05679174308467E+0001	 5.71661290322581E+0002	 3.19036000000000E+0002	 1.80310000000000E+0001	 4.95571000000000E+0002	 2.49970000000000E+0001	 6.47929000000000E-0003	-3.81472000000000E-0005	 5.89026363636364E+0000	 2.13525000000000E+0000	-4.29000000000000E+0001
 9.22409038020195E+0001	 5.71564516129032E+0002	 3.18771000000000E+0002	 1.80540000000000E+0001	 4.95570000000000E+0002	 2.49970000000000E+0001	 6.48120000000000E-0003	-3.81472000000000E-0005	 5.89200000000000E+0000	 2.17439000000000E+0000	-4.29000000000000E+0001
 9.39090091059059E+0001	 5.71709677419355E+0002	 3.18823000000000E+0002	 1.80490000000000E+0001	 4.95448000000000E+0002	 2.50050000000000E+0001	 6.48120000000000E-0003	-3.81472000000000E-0005	 5.89200000000000E+0000	 2.21392000000000E+0000	-4.29000000000000E+0001
 9.55888393636621E+0001	 5.71709677419355E+0002	 3.19061000000000E+0002	 1.80290000000000E+0001	 4.95403000000000E+0002	 2.50060000000000E+0001	 6.48120000000000E-0003	-3.81472000000000E-0005	 5.89200000000000E+0000	 2.25306000000000E+0000	-4.29000000000000E+0001
 9.72569371246904E+0001	 5.82375000000000E+0002	 3.18916000000000E+0002	 1.80420000000000E+0001	 4.95530000000000E+0002	 2.49990000000000E+0001	 6.48120000000000E-0003	-3.62399000000000E-0005	 5.89200000000000E+0000	 2.29258000000000E+0000	-4.29000000000000E+0001
 9.89309029499559E+0001	 5.82541666666667E+0002	 3.19171000000000E+0002	 1.80200000000000E+0001	 4.95593000000000E+0002	 2.49950000000000E+0001	 6.48120000000000E-0003	-3.81472000000000E-0005	 5.89200000000000E+0000	 2.33135000000000E+0000	-4.29000000000000E+0001
 1.00582409775544E+0002	 5.82333333333333E+0002	 3.18980000000000E+0002	 1.80360000000000E+0001	 4.95637000000000E+0002	 2.49930000000000E+0001	 6.47929000000000E-0003	-3.81472000000000E-0005	 5.89026363636364E+0000	 2.37087000000000E+0000	-4.29000000000000E+0001
 1.02255391956240E+0002	 5.82375000000000E+0002	 3.18978000000000E+0002	 1.80360000000000E+0001	 4.95670000000000E+0002	 2.49910000000000E+0001	 6.47929000000000E-0003	-3.81472000000000E-0005	 5.89026363636364E+0000	 2.41001000000000E+0000	-4.29000000000000E+0001
 1.03932286366004E+0002	 5.82458333333333E+0002	 3.19119000000000E+0002	 1.80240000000000E+0001	 4.95514000000000E+0002	 2.50000000000000E+0001	 6.47929000000000E-0003	-3.81472000000000E-0005	 5.89026363636364E+0000	 2.44954000000000E+0000	-4.29000000000000E+0001
 1.05612104052330E+0002	 5.82500000000000E+0002	 3.19141000000000E+0002	 1.80230000000000E+0001	 4.95386000000000E+0002	 2.50070000000000E+0001	 6.47929000000000E-0003	-3.62399000000000E-0005	 5.89026363636364E+0000	 2.48906000000000E+0000	-4.29000000000000E+0001
 1.07281184619833E+0002	 5.82708333333333E+0002	 3.19190000000000E+0002	 1.80190000000000E+0001	 4.95506000000000E+0002	 2.50020000000000E+0001	 6.47929000000000E-0003	-3.81472000000000E-0005	 5.89026363636364E+0000	 2.52820000000000E+0000	-4.29000000000000E+0001
 1.08964926268562E+0002	 5.82500000000000E+0002	 3.19163000000000E+0002	 1.80210000000000E+0001	 4.95481000000000E+0002	 2.50020000000000E+0001	 6.48120000000000E-0003	-3.81472000000000E-0005	 5.89200000000000E+0000	 2.56772000000000E+0000	-4.29000000000000E+0001
 1.10634006277334E+0002	 5.82458333333333E+0002	 3.19175000000000E+0002	 1.80200000000000E+0001	 4.95302000000000E+0002	 2.50120000000000E+0001	 6.48120000000000E-0003	-3.62399000000000E-0005	 5.89200000000000E+0000	 2.60724000000000E+0000	-4.29000000000000E+0001
 1.12298197117231E+0002	 5.82375000000000E+0002	 3.19297000000000E+0002	 1.80090000000000E+0001	 4.95522000000000E+0002	 2.50000000000000E+0001	 6.48120000000000E-0003	-3.81472000000000E-0005	 5.89200000000000E+0000	 2.64601000000000E+0000	-4.29000000000000E+0001
 1.13952631409858E+0002	 5.82541666666667E+0002	 3.19208000000000E+0002	 1.80170000000000E+0001	 4.95563000000000E+0002	 2.49970000000000E+0001	 6.47929000000000E-0003	-3.81472000000000E-0005	 5.89026363636364E+0000	 2.68515000000000E+0000	-4.29000000000000E+0001
 1.15624738339649E+0002	 5.82375000000000E+0002	 3.19381000000000E+0002	 1.80020000000000E+0001	 4.95663000000000E+0002	 2.49900000000000E+0001	 6.47929000000000E-0003	-3.81472000000000E-0005	 5.89026363636364E+0000	 2.72467000000000E+0000	-4.29000000000000E+0001
 1.17296649434495E+0002	 5.82333333333333E+0002	 3.19403000000000E+0002	 1.80010000000000E+0001	 4.95481000000000E+0002	 2.50020000000000E+0001	 6.47929000000000E-0003	-3.81472000000000E-0005	 5.89026363636364E+0000	 2.76382000000000E+0000	-4.29000000000000E+0001
 1.18967695614945E+0002	 5.82500000000000E+0002	 3.19419000000000E+0002	 1.79990000000000E+0001	 4.95446000000000E+0002	 2.50040000000000E+0001	 6.47929000000000E-0003	-3.81472000000000E-0005	 5.89026363636364E+0000	 2.80334000000000E+0000	-4.29000000000000E+0001
 1.20644583878677E+0002	 5.82291666666667E+0002	 3.19464000000000E+0002	 1.79950000000000E+0001	 4.95677000000000E+0002	 2.49910000000000E+0001	 6.47929000000000E-0003	-3.81472000000000E-0005	 5.89026363636364E+0000	 2.84211000000000E+0000	-4.29000000000000E+0001
 1.22294133192905E+0002	 5.82208333333333E+0002	 3.19590000000000E+0002	 1.79850000000000E+0001	 4.95691000000000E+0002	 2.49900000000000E+0001	 6.47929000000000E-0003	-3.81472000000000E-0005	 5.89026363636364E+0000	 2.88163000000000E+0000	-4.29000000000000E+0001
 1.23969081265915E+0002	 5.82375000000000E+0002	 3.19523000000000E+0002	 1.79900000000000E+0001	 4.95491000000000E+0002	 2.50020000000000E+0001	 6.48120000000000E-0003	-3.81472000000000E-0005	 5.89200000000000E+0000	 2.92077000000000E+0000	-4.29000000000000E+0001
 1.25640109008267E+0002	 5.82416666666667E+0002	 3.19585000000000E+0002	 1.79850000000000E+0001	 4.95373000000000E+0002	 2.50080000000000E+0001	 6.47929000000000E-0003	-3.81472000000000E-0005	 5.89026363636364E+0000	 2.96029000000000E+0000	-4.29000000000000E+0001
 1.27317979240378E+0002	 5.82416666666667E+0002	 3.19586000000000E+0002	 1.79850000000000E+0001	 4.95573000000000E+0002	 2.49970000000000E+0001	 6.47929000000000E-0003	-3.81472000000000E-0005	 5.89026363636364E+0000	 2.99944000000000E+0000	-4.29000000000000E+0001
 1.28982177343769E+0002	 5.82333333333333E+0002	 3.19715000000000E+0002	 1.79740000000000E+0001	 4.95615000000000E+0002	 2.49940000000000E+0001	 6.47929000000000E-0003	-3.81472000000000E-0005	 5.89026363636364E+0000	 3.03821000000000E+0000	-4.29000000000000E+0001
 1.30647351548870E+0002	 5.82416666666667E+0002	 3.19622000000000E+0002	 1.79820000000000E+0001	 4.95586000000000E+0002	 2.49960000000000E+0001	 6.47929000000000E-0003	-3.81472000000000E-0005	 5.89026363636364E+0000	 3.07773000000000E+0000	-4.29000000000000E+0001
 1.32310574947375E+0002	 5.82375000000000E+0002	 3.19632000000000E+0002	 1.79810000000000E+0001	 4.95676000000000E+0002	 2.49910000000000E+0001	 6.47929000000000E-0003	-3.81472000000000E-0005	 5.89026363636364E+0000	 3.11687000000000E+0000	-4.29000000000000E+0001
 1.33979656632337E+0002	 5.82416666666667E+0002	 3.19690000000000E+0002	 1.79760000000000E+0001	 4.95436000000000E+0002	 2.50050000000000E+0001	 6.47929000000000E-0003	-3.81472000000000E-0005	 5.89026363636364E+0000	 3.15639000000000E+0000	-4.29000000000000E+0001
 1.35654598838679E+0002	 5.82458333333333E+0002	 3.19660000000000E+0002	 1.79790000000000E+0001	 4.95455000000000E+0002	 2.50030000000000E+0001	 6.47929000000000E-0003	-3.81472000000000E-0005	 5.89026363636364E+0000	 3.19554000000000E+0000	-4.29000000000000E+0001
 1.37323677729991E+0002	 5.82416666666667E+0002	 3.19695000000000E+0002	 1.79760000000000E+0001	 4.95399000000000E+0002	 2.50070000000000E+0001	 6.47929000000000E-0003	-3.62399000000000E-0005	 5.89026363636364E+0000	 3.23430000000000E+0000	-4.29000000000000E+0001
 1.38975178688912E+0002	 5.82458333333333E+0002	 3.19807000000000E+0002	 1.79660000000000E+0001	 4.95507000000000E+0002	 2.50000000000000E+0001	 6.47929000000000E-0003	-3.81472000000000E-0005	 5.89026363636364E+0000	 3.27383000000000E+0000	-4.29000000000000E+0001
 1.40645238151776E+0002	 5.82458333333333E+0002	 3.19774000000000E+0002	 1.79690000000000E+0001	 4.95578000000000E+0002	 2.49970000000000E+0001	 6.47929000000000E-0003	-3.81472000000000E-0005	 5.89026363636364E+0000	 3.31335000000000E+0000	-4.29000000000000E+0001
 1.42325060587309E+0002	 5.82333333333333E+0002	 3.19632000000000E+0002	 1.79810000000000E+0001	 4.95702000000000E+0002	 2.49890000000000E+0001	 6.47929000000000E-0003	-3.62399000000000E-0005	 5.89026363636364E+0000	 3.35249000000000E+0000	-4.29000000000000E+0001
 1.43997071694866E+0002	 5.82208333333333E+0002	 3.19836000000000E+0002	 1.79640000000000E+0001	 4.95651000000000E+0002	 2.49920000000000E+0001	 6.47929000000000E-0003	-3.62399000000000E-0005	 5.89026363636364E+0000	 3.39201000000000E+0000	-4.29000000000000E+0001
 1.45669086713535E+0002	 5.82375000000000E+0002	 3.19764000000000E+0002	 1.79700000000000E+0001	 4.95524000000000E+0002	 2.49990000000000E+0001	 6.47929000000000E-0003	-3.81472000000000E-0005	 5.89026363636364E+0000	 3.43078000000000E+0000	-4.29000000000000E+0001
 1.47315694313104E+0002	 5.82375000000000E+0002	 3.19928000000000E+0002	 1.79560000000000E+0001	 4.95565000000000E+0002	 2.49970000000000E+0001	 6.47929000000000E-0003	-3.81472000000000E-0005	 5.89026363636364E+0000	 3.46992000000000E+0000	-4.29000000000000E+0001
 1.48992595706996E+0002	 5.82541666666667E+0002	 3.19950000000000E+0002	 1.79530000000000E+0001	 4.95459000000000E+0002	 2.50080000000000E+0001	 6.47929000000000E-0003	-3.62399000000000E-0005	 5.89026363636364E+0000	 3.50944000000000E+0000	-4.29000000000000E+0001
 1.50680235895903E+0002	 5.82416666666667E+0002	 3.19850000000000E+0002	 1.79630000000000E+0001	 4.95384000000000E+0002	 2.50080000000000E+0001	 6.47929000000000E-0003	-3.81472000000000E-0005	 5.89026363636364E+0000	 3.54896000000000E+0000	-4.29000000000000E+0001
 1.52344432043737E+0002	 5.82416666666667E+0002	 3.19919000000000E+0002	 1.79570000000000E+0001	 4.95499000000000E+0002	 2.50010000000000E+0001	 6.47929000000000E-0003	-3.81472000000000E-0005	 5.89026363636364E+0000	 3.58849000000000E+0000	-4.29000000000000E+0001
 1.54019380675477E+0002	 5.82375000000000E+0002	 3.20013000000000E+0002	 1.79470000000000E+0001	 4.95606000000000E+0002	 2.49940000000000E+0001	 6.47929000000000E-0003	-3.81472000000000E-0005	 5.89026363636364E+0000	 3.62763000000000E+0000	-4.29000000000000E+0001
 1.55692368443475E+0002	 5.82458333333333E+0002	 3.19796000000000E+0002	 1.79670000000000E+0001	 4.95521000000000E+0002	 2.50000000000000E+0001	 6.47929000000000E-0003	-3.81472000000000E-0005	 5.89026363636364E+0000	 3.66715000000000E+0000	-4.29000000000000E+0001
 1.57366324211597E+0002	 5.68612903225806E+0002	 3.19866000000000E+0002	 1.79620000000000E+0001	 4.95752000000000E+0002	 2.49860000000000E+0001	 6.47929000000000E-0003	-3.62399000000000E-0005	 5.89026363636364E+0000	 3.70629000000000E+0000	-4.29000000000000E+0001
 1.59035410366401E+0002	 5.68564516129032E+0002	 3.20002000000000E+0002	 1.79500000000000E+0001	 4.95612000000000E+0002	 2.49940000000000E+0001	 6.47929000000000E-0003	-3.81472000000000E-0005	 5.89026363636364E+0000	 3.74544000000000E+0000	-4.29000000000000E+0001
 1.60688862970014E+0002	 5.68612903225806E+0002	 3.19793000000000E+0002	 1.79680000000000E+0001	 4.95486000000000E+0002	 2.50020000000000E+0001	 6.47929000000000E-0003	-3.81472000000000E-0005	 5.89026363636364E+0000	 3.78458000000000E+0000	-4.29000000000000E+0001
 1.62362826280994E+0002	 5.68709677419355E+0002	 3.20024000000000E+0002	 1.79460000000000E+0001	 4.95599000000000E+0002	 2.49950000000000E+0001	 6.47929000000000E-0003	-3.81472000000000E-0005	 5.89026363636364E+0000	 3.82410000000000E+0000	-4.29000000000000E+0001
 1.64035819356929E+0002	 5.68467741935484E+0002	 3.19942000000000E+0002	 1.79550000000000E+0001	 4.95398000000000E+0002	 2.50070000000000E+0001	 6.47929000000000E-0003	-3.81472000000000E-0005	 5.89026363636364E+0000	 3.86325000000000E+0000	-4.29000000000000E+0001
 1.65707827391470E+0002	 5.68758064516129E+0002	 3.20135000000000E+0002	 1.79390000000000E+0001	 4.95273000000000E+0002	 2.50140000000000E+0001	 6.48120000000000E-0003	-3.81472000000000E-0005	 5.89200000000000E+0000	 3.90239000000000E+0000	-4.29000000000000E+0001
 1.67376909355798E+0002	 5.68564516129032E+0002	 3.20049000000000E+0002	 1.79460000000000E+0001	 4.95506000000000E+0002	 2.50000000000000E+0001	 6.47929000000000E-0003	-3.81472000000000E-0005	 5.89026363636364E+0000	 3.94116000000000E+0000	-4.29000000000000E+0001
 1.69028411990909E+0002	 5.68709677419355E+0002	 3.19983000000000E+0002	 1.79520000000000E+0001	 4.95628000000000E+0002	 2.49930000000000E+0001	 6.47929000000000E-0003	-3.62399000000000E-0005	 5.89026363636364E+0000	 3.98068000000000E+0000	-4.29000000000000E+0001
 1.70708231912156E+0002	 5.68661290322581E+0002	 3.20151000000000E+0002	 1.79370000000000E+0001	 4.95769000000000E+0002	 2.49860000000000E+0001	 6.47929000000000E-0003	-3.81472000000000E-0005	 5.89026363636364E+0000	 4.02020000000000E+0000	-4.29000000000000E+0001
 1.72384148544019E+0002	 5.68612903225806E+0002	 3.20215000000000E+0002	 1.79320000000000E+0001	 4.95706000000000E+0002	 2.49890000000000E+0001	 6.47929000000000E-0003	-3.81472000000000E-0005	 5.89026363636364E+0000	 4.05935000000000E+0000	-4.29000000000000E+0001
 1.74052254127270E+0002	 5.68758064516129E+0002	 3.20208000000000E+0002	 1.79330000000000E+0001	 4.95470000000000E+0002	 2.50030000000000E+0001	 6.47929000000000E-0003	-3.81472000000000E-0005	 5.89026363636364E+0000	 4.09887000000000E+0000	-4.29000000000000E+0001
 1.75721340561440E+0002	 5.68661290322581E+0002	 3.20379000000000E+0002	 1.79180000000000E+0001	 4.95645000000000E+0002	 2.49920000000000E+0001	 6.47929000000000E-0003	-3.81472000000000E-0005	 5.89026363636364E+0000	 4.13764000000000E+0000	-4.29000000000000E+0001
 1.77368938510341E+0002	 5.68758064516129E+0002	 3.20228000000000E+0002	 1.79310000000000E+0001	 4.95573000000000E+0002	 2.49970000000000E+0001	 6.47929000000000E-0003	-3.62399000000000E-0005	 5.89026363636364E+0000	 4.17678000000000E+0000	-4.29000000000000E+0001
 1.79039970443171E+0002	 5.68564516129032E+0002	 3.20367000000000E+0002	 1.79190000000000E+0001	 4.95421000000000E+0002	 2.50050000000000E+0001	 6.47929000000000E-0003	-3.81472000000000E-0005	 5.89026363636364E+0000	 4.21555000000000E+0000	-4.29000000000000E+0001
 1.80688542538228E+0002	 5.68661290322581E+0002	 3.20379000000000E+0002	 1.79180000000000E+0001	 4.95451000000000E+0002	 2.50040000000000E+0001	 6.47929000000000E-0003	-3.81472000000000E-0005	 5.89026363636364E+0000	 4.25507000000000E+0000	-4.29000000000000E+0001
 1.82363478598537E+0002	 5.68709677419355E+0002	 3.20354000000000E+0002	 1.79190000000000E+0001	 4.95501000000000E+0002	 2.50020000000000E+0001	 6.47929000000000E-0003	-3.81472000000000E-0005	 5.89026363636364E+0000	 4.29421000000000E+0000	-4.29000000000000E+0001
 1.84033540855053E+0002	 5.68661290322581E+0002	 3.20394000000000E+0002	 1.79170000000000E+0001	 4.95588000000000E+0002	 2.49960000000000E+0001	 6.47929000000000E-0003	-3.81472000000000E-0005	 5.89026363636364E+0000	 4.33374000000000E+0000	-4.29000000000000E+0001
 1.85708482782030E+0002	 5.68758064516129E+0002	 3.20388000000000E+0002	 1.79180000000000E+0001	 4.95588000000000E+0002	 2.49960000000000E+0001	 6.47929000000000E-0003	-3.62399000000000E-0005	 5.89026363636364E+0000	 4.37288000000000E+0000	-4.29000000000000E+0001
 1.87378537216322E+0002	 5.68661290322581E+0002	 3.20413000000000E+0002	 1.79150000000000E+0001	 4.95547000000000E+0002	 2.49980000000000E+0001	 6.47929000000000E-0003	-3.62399000000000E-0005	 5.89026363636364E+0000	 4.41202000000000E+0000	-4.29000000000000E+0001
 1.89032972905774E+0002	 5.68709677419355E+0002	 3.20494000000000E+0002	 1.79090000000000E+0001	 4.95622000000000E+0002	 2.49940000000000E+0001	 6.47929000000000E-0003	-3.62399000000000E-0005	 5.89026363636364E+0000	 4.45117000000000E+0000	-4.29000000000000E+0001
 1.90706934540563E+0002	 5.68612903225806E+0002	 3.20374000000000E+0002	 1.79180000000000E+0001	 4.95581000000000E+0002	 2.49960000000000E+0001	 6.48120000000000E-0003	-3.62399000000000E-0005	 5.89200000000000E+0000	 4.49069000000000E+0000	-4.29000000000000E+0001
 1.92376015666796E+0002	 5.68709677419355E+0002	 3.20323000000000E+0002	 1.79230000000000E+0001	 4.95456000000000E+0002	 2.50030000000000E+0001	 6.47929000000000E-0003	-3.81472000000000E-0005	 5.89026363636364E+0000	 4.52983000000000E+0000	-4.29000000000000E+0001
 1.94051933416119E+0002	 5.68467741935484E+0002	 3.20469000000000E+0002	 1.79110000000000E+0001	 4.95378000000000E+0002	 2.50080000000000E+0001	 6.47929000000000E-0003	-3.81472000000000E-0005	 5.89026363636364E+0000	 4.56935000000000E+0000	-4.29000000000000E+0001
 1.95731780994512E+0002	 5.68564516129032E+0002	 3.20480000000000E+0002	 1.79120000000000E+0001	 4.95403000000000E+0002	 2.50080000000000E+0001	 6.47929000000000E-0003	-3.62399000000000E-0005	 5.89026363636364E+0000	 4.60887000000000E+0000	-4.29000000000000E+0001
 1.97405724191203E+0002	 5.68564516129032E+0002	 3.20482000000000E+0002	 1.79100000000000E+0001	 4.95659000000000E+0002	 2.49920000000000E+0001	 6.47929000000000E-0003	-3.81472000000000E-0005	 5.89026363636364E+0000	 4.64839000000000E+0000	-4.29000000000000E+0001
 1.99080668353101E+0002	 5.68612903225806E+0002	 3.20400000000000E+0002	 1.79170000000000E+0001	 4.95714000000000E+0002	 2.49880000000000E+0001	 6.47929000000000E-0003	-3.81472000000000E-0005	 5.89026363636364E+0000	 4.68754000000000E+0000	-4.29000000000000E+0001
 2.00758541658228E+0002	 5.68951612903226E+0002	 3.20509000000000E+0002	 1.79070000000000E+0001	 4.95730000000000E+0002	 2.49890000000000E+0001	 6.47929000000000E-0003	-3.81472000000000E-0005	 5.89026363636364E+0000	 4.72706000000000E+0000	-4.29000000000000E+0001
 2.02424688892024E+0002	 5.68612903225806E+0002	 3.20653000000000E+0002	 1.78950000000000E+0001	 4.95701000000000E+0002	 2.49890000000000E+0001	 6.47929000000000E-0003	-3.81472000000000E-0005	 5.89026363636364E+0000	 4.76620000000000E+0000	-4.29000000000000E+0001
 2.04098649129987E+0002	 5.68758064516129E+0002	 3.20500000000000E+0002	 1.79080000000000E+0001	 4.95421000000000E+0002	 2.50050000000000E+0001	 6.47929000000000E-0003	-3.81472000000000E-0005	 5.89026363636364E+0000	 4.80573000000000E+0000	-4.29000000000000E+0001
 2.05770658840719E+0002	 5.68612903225806E+0002	 3.20678000000000E+0002	 1.78930000000000E+0001	 4.95271000000000E+0002	 2.50140000000000E+0001	 6.47929000000000E-0003	-3.62399000000000E-0005	 5.89026363636364E+0000	 4.84449000000000E+0000	-4.29000000000000E+0001
 2.07424120384015E+0002	 5.68612903225806E+0002	 3.20669000000000E+0002	 1.78940000000000E+0001	 4.95443000000000E+0002	 2.50040000000000E+0001	 6.47929000000000E-0003	-3.81472000000000E-0005	 5.89026363636364E+0000	 4.88401000000000E+0000	-4.29000000000000E+0001
 2.09097107872649E+0002	 5.68661290322581E+0002	 3.20589000000000E+0002	 1.79010000000000E+0001	 4.95501000000000E+0002	 2.50000000000000E+0001	 6.47929000000000E-0003	-3.81472000000000E-0005	 5.89026363636364E+0000	 4.92316000000000E+0000	-4.29000000000000E+0001
 2.10770093685091E+0002	 5.68709677419355E+0002	 3.20528000000000E+0002	 1.79060000000000E+0001	 4.95655000000000E+0002	 2.49920000000000E+0001	 6.47929000000000E-0003	-3.81472000000000E-0005	 5.89026363636364E+0000	 4.96268000000000E+0000	-4.29000000000000E+0001
 2.12445029466035E+0002	 5.68564516129032E+0002	 3.20565000000000E+0002	 1.79030000000000E+0001	 4.95810000000000E+0002	 2.49830000000000E+0001	 6.47929000000000E-0003	-3.81472000000000E-0005	 5.89026363636364E+0000	 5.00182000000000E+0000	-4.29000000000000E+0001
 2.14123876917318E+0002	 5.68564516129032E+0002	 3.20670000000000E+0002	 1.78950000000000E+0001	 4.95620000000000E+0002	 2.49980000000000E+0001	 6.47929000000000E-0003	-3.81472000000000E-0005	 5.89026363636364E+0000	 5.04134000000000E+0000	-4.29000000000000E+0001
 2.15793942526215E+0002	 5.68564516129032E+0002	 3.20806000000000E+0002	 1.78820000000000E+0001	 4.95436000000000E+0002	 2.50050000000000E+0001	 6.47929000000000E-0003	-3.81472000000000E-0005	 5.89026363636364E+0000	 5.08087000000000E+0000	-4.29000000000000E+0001
 2.17473768314129E+0002	 5.68854838709677E+0002	 3.20747000000000E+0002	 1.78870000000000E+0001	 4.95420000000000E+0002	 2.50050000000000E+0001	 6.47929000000000E-0003	-3.81472000000000E-0005	 5.89026363636364E+0000	 5.12039000000000E+0000	-4.29000000000000E+0001
 2.19148701022057E+0002	 5.74661290322581E+0002	 3.20721000000000E+0002	 1.78890000000000E+0001	 4.95432000000000E+0002	 2.50040000000000E+0001	 6.47929000000000E-0003	-3.62399000000000E-0005	 5.89026363636364E+0000	 5.15953000000000E+0000	-4.29000000000000E+0001
 2.20823641272843E+0002	 5.74419354838710E+0002	 3.20926000000000E+0002	 1.78720000000000E+0001	 4.95675000000000E+0002	 2.49910000000000E+0001	 6.47929000000000E-0003	-3.62399000000000E-0005	 5.89026363636364E+0000	 5.19905000000000E+0000	-4.29000000000000E+0001
 2.22496632393223E+0002	 5.74612903225806E+0002	 3.20749000000000E+0002	 1.78870000000000E+0001	 4.95532000000000E+0002	 2.49990000000000E+0001	 6.47929000000000E-0003	-3.81472000000000E-0005	 5.89026363636364E+0000	 5.23857000000000E+0000	-4.29000000000000E+0001
 2.24172554333023E+0002	 5.74661290322581E+0002	 3.20777000000000E+0002	 1.78860000000000E+0001	 4.95618000000000E+0002	 2.49940000000000E+0001	 6.47929000000000E-0003	-3.81472000000000E-0005	 5.89026363636364E+0000	 5.27772000000000E+0000	-4.29000000000000E+0001
 2.25847493186983E+0002	 5.74564516129032E+0002	 3.20849000000000E+0002	 1.78790000000000E+0001	 4.95515000000000E+0002	 2.50000000000000E+0001	 6.47929000000000E-0003	-3.81472000000000E-0005	 5.89026363636364E+0000	 5.31724000000000E+0000	-4.29000000000000E+0001
 2.27528291165497E+0002	 5.74419354838710E+0002	 3.20837000000000E+0002	 1.78800000000000E+0001	 4.95496000000000E+0002	 2.50010000000000E+0001	 6.47929000000000E-0003	-3.81472000000000E-0005	 5.89026363636364E+0000	 5.35676000000000E+0000	-4.29000000000000E+0001
 2.29199325333248E+0002	 5.74322580645161E+0002	 3.20816000000000E+0002	 1.78810000000000E+0001	 4.95525000000000E+0002	 2.50000000000000E+0001	 6.47929000000000E-0003	-3.81472000000000E-0005	 5.89026363636364E+0000	 5.39590000000000E+0000	-4.29000000000000E+0001
 2.30869380605636E+0002	 5.74516129032258E+0002	 3.20941000000000E+0002	 1.78710000000000E+0001	 4.95578000000000E+0002	 2.49960000000000E+0001	 6.47929000000000E-0003	-3.81472000000000E-0005	 5.89026363636364E+0000	 5.43542000000000E+0000	-4.29000000000000E+0001
 2.32544352424680E+0002	 5.74419354838710E+0002	 3.21010000000000E+0002	 1.78650000000000E+0001	 4.95500000000000E+0002	 2.50010000000000E+0001	 6.47929000000000E-0003	-3.62399000000000E-0005	 5.89026363636364E+0000	 5.47457000000000E+0000	-4.29000000000000E+0001
 2.34216333640169E+0002	 5.74564516129032E+0002	 3.20810000000000E+0002	 1.78820000000000E+0001	 4.95393000000000E+0002	 2.50070000000000E+0001	 6.47929000000000E-0003	-3.81472000000000E-0005	 5.89026363636364E+0000	 5.51334000000000E+0000	-4.29000000000000E+0001
 2.35864910484433E+0002	 5.74467741935484E+0002	 3.21065000000000E+0002	 1.78610000000000E+0001	 4.95447000000000E+0002	 2.50040000000000E+0001	 6.47929000000000E-0003	-3.62399000000000E-0005	 5.89026363636364E+0000	 5.55286000000000E+0000	-4.29000000000000E+0001
 2.37540851421060E+0002	 5.74467741935484E+0002	 3.20985000000000E+0002	 1.78660000000000E+0001	 4.95671000000000E+0002	 2.49930000000000E+0001	 6.47929000000000E-0003	-3.81472000000000E-0005	 5.89026363636364E+0000	 5.59238000000000E+0000	-4.29000000000000E+0001
 2.39217724599076E+0002	 5.74516129032258E+0002	 3.21090000000000E+0002	 1.78580000000000E+0001	 4.95602000000000E+0002	 2.49950000000000E+0001	 6.47929000000000E-0003	-3.81472000000000E-0005	 5.89026363636364E+0000	 5.63152000000000E+0000	-4.29000000000000E+0001
 2.40887773725432E+0002	 5.74370967741935E+0002	 3.20971000000000E+0002	 1.78680000000000E+0001	 4.95624000000000E+0002	 2.49940000000000E+0001	 6.47929000000000E-0003	-3.81472000000000E-0005	 5.89026363636364E+0000	 5.67104000000000E+0000	-4.29000000000000E+0001
 2.42566633468779E+0002	 5.74564516129032E+0002	 3.21091000000000E+0002	 1.78590000000000E+0001	 4.95582000000000E+0002	 2.49950000000000E+0001	 6.47929000000000E-0003	-3.81472000000000E-0005	 5.89026363636364E+0000	 5.71056000000000E+0000	-4.29000000000000E+0001
 2.44241563941786E+0002	 5.74419354838710E+0002	 3.21143000000000E+0002	 1.78540000000000E+0001	 4.95551000000000E+0002	 2.49980000000000E+0001	 6.47929000000000E-0003	-3.81472000000000E-0005	 5.89026363636364E+0000	 5.74971000000000E+0000	-4.29000000000000E+0001
 2.45914553106610E+0002	 5.74564516129032E+0002	 3.21200000000000E+0002	 1.78490000000000E+0001	 4.95643000000000E+0002	 2.49920000000000E+0001	 6.47929000000000E-0003	-3.62399000000000E-0005	 5.89026363636364E+0000	 5.78923000000000E+0000	-4.29000000000000E+0001
 2.47582667629545E+0002	 5.74419354838710E+0002	 3.21218000000000E+0002	 1.78480000000000E+0001	 4.95268000000000E+0002	 2.50140000000000E+0001	 6.47929000000000E-0003	-3.81472000000000E-0005	 5.89026363636364E+0000	 5.82799000000000E+0000	-4.29000000000000E+0001
 2.49233184664531E+0002	 5.74322580645161E+0002	 3.21211000000000E+0002	 1.78480000000000E+0001	 4.95298000000000E+0002	 2.50130000000000E+0001	 6.47929000000000E-0003	-3.81472000000000E-0005	 5.89026363636364E+0000	 5.86714000000000E+0000	-4.29000000000000E+0001
 2.50897384164747E+0002	 5.74612903225806E+0002	 3.21223000000000E+0002	 1.78470000000000E+0001	 4.95384000000000E+0002	 2.50080000000000E+0001	 6.47929000000000E-0003	-3.81472000000000E-0005	 5.89026363636364E+0000	 5.90591000000000E+0000	-4.29000000000000E+0001
 2.52553776806829E+0002	 5.74419354838710E+0002	 3.21171000000000E+0002	 1.78520000000000E+0001	 4.95829000000000E+0002	 2.49820000000000E+0001	 6.47929000000000E-0003	-3.81472000000000E-0005	 5.89026363636364E+0000	 5.94543000000000E+0000	-4.29000000000000E+0001
 2.54226763178002E+0002	 5.74419354838710E+0002	 3.21296000000000E+0002	 1.78420000000000E+0001	 4.95804000000000E+0002	 2.49820000000000E+0001	 6.47929000000000E-0003	-3.81472000000000E-0005	 5.89026363636364E+0000	 5.98457000000000E+0000	-4.29000000000000E+0001
 2.55897797345752E+0002	 5.74612903225806E+0002	 3.21247000000000E+0002	 1.78450000000000E+0001	 4.95487000000000E+0002	 2.50020000000000E+0001	 6.47929000000000E-0003	-3.81472000000000E-0005	 5.89026363636364E+0000	 6.02410000000000E+0000	-4.29000000000000E+0001
 2.57589346970076E+0002	 5.74516129032258E+0002	 3.21288000000000E+0002	 1.78420000000000E+0001	 4.95317000000000E+0002	 2.50110000000000E+0001	 6.48120000000000E-0003	-3.62399000000000E-0005	 5.89200000000000E+0000	 6.06362000000000E+0000	-4.29000000000000E+0001
 2.59250608108014E+0002	 5.74564516129032E+0002	 3.21381000000000E+0002	 1.78340000000000E+0001	 4.95453000000000E+0002	 2.50020000000000E+0001	 6.47929000000000E-0003	-3.62399000000000E-0005	 5.89026363636364E+0000	 6.10276000000000E+0000	-4.29000000000000E+0001
 2.60921642834494E+0002	 5.74612903225806E+0002	 3.21458000000000E+0002	 1.78270000000000E+0001	 4.95463000000000E+0002	 2.50030000000000E+0001	 6.47929000000000E-0003	-3.81472000000000E-0005	 5.89026363636364E+0000	 6.14228000000000E+0000	-4.29000000000000E+0001
 2.62595613688332E+0002	 5.74419354838710E+0002	 3.21133000000000E+0002	 1.78550000000000E+0001	 4.95535000000000E+0002	 2.49990000000000E+0001	 6.47929000000000E-0003	-3.81472000000000E-0005	 5.89026363636364E+0000	 6.18142000000000E+0000	-4.29000000000000E+0001
 2.64265658344846E+0002	 5.74419354838710E+0002	 3.21248000000000E+0002	 1.78450000000000E+0001	 4.95676000000000E+0002	 2.49910000000000E+0001	 6.47929000000000E-0003	-3.81472000000000E-0005	 5.89026363636364E+0000	 6.22057000000000E+0000	-4.29000000000000E+0001
 2.65918146580082E+0002	 5.74467741935484E+0002	 3.21431000000000E+0002	 1.78300000000000E+0001	 4.95637000000000E+0002	 2.49930000000000E+0001	 6.47929000000000E-0003	-3.62399000000000E-0005	 5.89026363636364E+0000	 6.25971000000000E+0000	-4.29000000000000E+0001
 2.67596020723304E+0002	 5.74467741935484E+0002	 3.21478000000000E+0002	 1.78250000000000E+0001	 4.95537000000000E+0002	 2.49980000000000E+0001	 6.47929000000000E-0003	-3.62399000000000E-0005	 5.89026363636364E+0000	 6.29923000000000E+0000	-4.29000000000000E+0001
 2.69270955945518E+0002	 5.74370967741935E+0002	 3.21470000000000E+0002	 1.78260000000000E+0001	 4.95588000000000E+0002	 2.49960000000000E+0001	 6.48120000000000E-0003	-3.81472000000000E-0005	 5.89200000000000E+0000	 6.33838000000000E+0000	-4.29000000000000E+0001
 2.70940039027307E+0002	 5.74612903225806E+0002	 3.21415000000000E+0002	 1.78310000000000E+0001	 4.95604000000000E+0002	 2.49950000000000E+0001	 6.47929000000000E-0003	-3.81472000000000E-0005	 5.89026363636364E+0000	 6.37827000000000E+0000	-4.29000000000000E+0001
 2.72624740015840E+0002	 5.74419354838710E+0002	 3.21526000000000E+0002	 1.78210000000000E+0001	 4.95428000000000E+0002	 2.50060000000000E+0001	 6.47929000000000E-0003	-3.81472000000000E-0005	 5.89026363636364E+0000	 6.41742000000000E+0000	-4.29000000000000E+0001
 2.74292843922901E+0002	 5.74612903225806E+0002	 3.21512000000000E+0002	 1.78230000000000E+0001	 4.95425000000000E+0002	 2.50050000000000E+0001	 6.47929000000000E-0003	-3.81472000000000E-0005	 5.89026363636364E+0000	 6.45656000000000E+0000	-4.29000000000000E+0001
 2.75962909252433E+0002	 5.74322580645161E+0002	 3.21644000000000E+0002	 1.78120000000000E+0001	 4.95469000000000E+0002	 2.50030000000000E+0001	 6.47929000000000E-0003	-3.81472000000000E-0005	 5.89026363636364E+0000	 6.49609000000000E+0000	-4.29000000000000E+0001
 2.77634924271102E+0002	 5.74564516129032E+0002	 3.21615000000000E+0002	 1.78140000000000E+0001	 4.95371000000000E+0002	 2.50080000000000E+0001	 6.47929000000000E-0003	-3.81472000000000E-0005	 5.89026363636364E+0000	 6.53485000000000E+0000	-4.29000000000000E+0001
 2.79284467159932E+0002	 5.63580645161290E+0002	 3.21589000000000E+0002	 1.78160000000000E+0001	 4.95394000000000E+0002	 2.50070000000000E+0001	 6.47929000000000E-0003	-3.62399000000000E-0005	 5.89026363636364E+0000	 6.57400000000000E+0000	-4.29000000000000E+0001
 2.80951590495440E+0002	 5.63774193548387E+0002	 3.21606000000000E+0002	 1.78150000000000E+0001	 4.95470000000000E+0002	 2.50030000000000E+0001	 6.47929000000000E-0003	-3.81472000000000E-0005	 5.89026363636364E+0000	 6.61277000000000E+0000	-4.29000000000000E+0001
 2.82604078730677E+0002	 5.63677419354839E+0002	 3.21590000000000E+0002	 1.78160000000000E+0001	 4.95524000000000E+0002	 2.49990000000000E+0001	 6.47929000000000E-0003	-3.81472000000000E-0005	 5.89026363636364E+0000	 6.65229000000000E+0000	-4.29000000000000E+0001
 2.84278031146417E+0002	 5.63725806451613E+0002	 3.21583000000000E+0002	 1.78160000000000E+0001	 4.95733000000000E+0002	 2.49880000000000E+0001	 6.47929000000000E-0003	-3.81472000000000E-0005	 5.89026363636364E+0000	 6.69143000000000E+0000	-4.29000000000000E+0001
 2.85948096196584E+0002	 5.63822580645161E+0002	 3.21767000000000E+0002	 1.78010000000000E+0001	 4.95809000000000E+0002	 2.49830000000000E+0001	 6.48120000000000E-0003	-3.81472000000000E-0005	 5.89200000000000E+0000	 6.73095000000000E+0000	-4.29000000000000E+0001
 2.87624021209400E+0002	 5.63580645161290E+0002	 3.21859000000000E+0002	 1.77940000000000E+0001	 4.95556000000000E+0002	 2.49980000000000E+0001	 6.47929000000000E-0003	-3.81472000000000E-0005	 5.89026363636364E+0000	 6.77047000000000E+0000	-4.29000000000000E+0001
 2.89300910590592E+0002	 5.63677419354839E+0002	 3.21857000000000E+0002	 1.77940000000000E+0001	 4.95591000000000E+0002	 2.49970000000000E+0001	 6.47929000000000E-0003	-3.81472000000000E-0005	 5.89026363636364E+0000	 6.80962000000000E+0000	-4.29000000000000E+0001
 2.90971947272628E+0002	 5.63677419354839E+0002	 3.21764000000000E+0002	 1.78020000000000E+0001	 4.95246000000000E+0002	 2.50160000000000E+0001	 6.47929000000000E-0003	-3.62399000000000E-0005	 5.89026363636364E+0000	 6.84914000000000E+0000	-4.29000000000000E+0001
 2.92649818342834E+0002	 5.63580645161290E+0002	 3.21809000000000E+0002	 1.77980000000000E+0001	 4.95388000000000E+0002	 2.50070000000000E+0001	 6.48120000000000E-0003	-3.81472000000000E-0005	 5.89200000000000E+0000	 6.88828000000000E+0000	-4.29000000000000E+0001
 2.94318898072241E+0002	 5.63822580645161E+0002	 3.21737000000000E+0002	 1.78040000000000E+0001	 4.95402000000000E+0002	 2.50070000000000E+0001	 6.47929000000000E-0003	-3.81472000000000E-0005	 5.89026363636364E+0000	 6.92780000000000E+0000	-4.29000000000000E+0001
 2.96001652724019E+0002	 5.63580645161290E+0002	 3.21968000000000E+0002	 1.77840000000000E+0001	 4.95478000000000E+0002	 2.50020000000000E+0001	 6.47929000000000E-0003	-3.81472000000000E-0005	 5.89026363636364E+0000	 6.96732000000000E+0000	-4.29000000000000E+0001
 2.97675622460396E+0002	 5.63629032258065E+0002	 3.22160000000000E+0002	 1.77680000000000E+0001	 4.95707000000000E+0002	 2.49890000000000E+0001	 6.47929000000000E-0003	-3.81472000000000E-0005	 5.89026363636364E+0000	 7.00647000000000E+0000	-4.29000000000000E+0001
 2.99350558241341E+0002	 5.63629032258065E+0002	 3.21865000000000E+0002	 1.77930000000000E+0001	 4.95653000000000E+0002	 2.49940000000000E+0001	 6.47929000000000E-0003	-3.81472000000000E-0005	 5.89026363636364E+0000	 7.04599000000000E+0000	-4.29000000000000E+0001
 3.01024533006290E+0002	 5.63870967741935E+0002	 3.21990000000000E+0002	 1.77830000000000E+0001	 4.95394000000000E+0002	 2.50070000000000E+0001	 6.48120000000000E-0003	-3.81472000000000E-0005	 5.89200000000000E+0000	 7.08551000000000E+0000	-4.29000000000000E+0001
 3.02698496037904E+0002	 5.63677419354839E+0002	 3.22042000000000E+0002	 1.77780000000000E+0001	 4.95388000000000E+0002	 2.50070000000000E+0001	 6.47929000000000E-0003	-3.62399000000000E-0005	 5.89026363636364E+0000	 7.12465000000000E+0000	-4.29000000000000E+0001
 3.04369523500892E+0002	 5.63725806451613E+0002	 3.22045000000000E+0002	 1.77780000000000E+0001	 4.95603000000000E+0002	 2.49950000000000E+0001	 6.47929000000000E-0003	-3.81472000000000E-0005	 5.89026363636364E+0000	 7.16380000000000E+0000	-4.29000000000000E+0001
 3.06022006148826E+0002	 5.63580645161290E+0002	 3.22111000000000E+0002	 1.77720000000000E+0001	 4.95761000000000E+0002	 2.49860000000000E+0001	 6.47929000000000E-0003	-3.81472000000000E-0005	 5.89026363636364E+0000	 7.20294000000000E+0000	-4.29000000000000E+0001
 3.07696953942470E+0002	 5.63580645161290E+0002	 3.22206000000000E+0002	 1.77650000000000E+0001	 4.95594000000000E+0002	 2.49980000000000E+0001	 6.47929000000000E-0003	-3.81472000000000E-0005	 5.89026363636364E+0000	 7.24246000000000E+0000	-4.29000000000000E+0001
 3.09366030319496E+0002	 5.63725806451613E+0002	 3.22159000000000E+0002	 1.77680000000000E+0001	 4.95401000000000E+0002	 2.50070000000000E+0001	 6.47929000000000E-0003	-3.81472000000000E-0005	 5.89026363636364E+0000	 7.28198000000000E+0000	-4.29000000000000E+0001
 3.11044876932683E+0002	 5.63532258064516E+0002	 3.22193000000000E+0002	 1.77650000000000E+0001	 4.95381000000000E+0002	 2.50080000000000E+0001	 6.48120000000000E-0003	-3.81472000000000E-0005	 5.89200000000000E+0000	 7.32113000000000E+0000	-4.29000000000000E+0001
 3.12720795520101E+0002	 5.63677419354839E+0002	 3.22099000000000E+0002	 1.77720000000000E+0001	 4.95441000000000E+0002	 2.50040000000000E+0001	 6.48120000000000E-0003	-3.81472000000000E-0005	 5.89200000000000E+0000	 7.36065000000000E+0000	-4.29000000000000E+0001
 3.14390847440108E+0002	 5.63677419354839E+0002	 3.22120000000000E+0002	 1.77720000000000E+0001	 4.95569000000000E+0002	 2.49970000000000E+0001	 6.48120000000000E-0003	-3.81472000000000E-0005	 5.89200000000000E+0000	 7.40017000000000E+0000	-4.29000000000000E+0001
 3.16069699361232E+0002	 5.63774193548387E+0002	 3.22092000000000E+0002	 1.77740000000000E+0001	 4.95707000000000E+0002	 2.49890000000000E+0001	 6.47929000000000E-0003	-3.81472000000000E-0005	 5.89026363636364E+0000	 7.43931000000000E+0000	-4.29000000000000E+0001
 3.17736831077693E+0002	 5.63483870967742E+0002	 3.22187000000000E+0002	 1.77660000000000E+0001	 4.95758000000000E+0002	 2.49860000000000E+0001	 6.47929000000000E-0003	-3.81472000000000E-0005	 5.89026363636364E+0000	 7.47808000000000E+0000	-4.29000000000000E+0001
 3.19390276417813E+0002	 5.63629032258065E+0002	 3.22236000000000E+0002	 1.77620000000000E+0001	 4.95653000000000E+0002	 2.49920000000000E+0001	 6.47929000000000E-0003	-3.62399000000000E-0005	 5.89026363636364E+0000	 7.51723000000000E+0000	-4.29000000000000E+0001
 3.21059363969443E+0002	 5.63725806451613E+0002	 3.22152000000000E+0002	 1.77680000000000E+0001	 4.95356000000000E+0002	 2.50090000000000E+0001	 6.48120000000000E-0003	-3.81472000000000E-0005	 5.89200000000000E+0000	 7.55675000000000E+0000	-4.29000000000000E+0001
 3.22733323089946E+0002	 5.63677419354839E+0002	 3.22446000000000E+0002	 1.77440000000000E+0001	 4.95305000000000E+0002	 2.50120000000000E+0001	 6.48120000000000E-0003	-3.62399000000000E-0005	 5.89200000000000E+0000	 7.59627000000000E+0000	-4.29000000000000E+0001
 3.24409238883713E+0002	 5.63532258064516E+0002	 3.22188000000000E+0002	 1.77660000000000E+0001	 4.95541000000000E+0002	 2.49980000000000E+0001	 6.47929000000000E-0003	-3.62399000000000E-0005	 5.89026363636364E+0000	 7.63579000000000E+0000	-4.29000000000000E+0001
 3.26086138322049E+0002	 5.63629032258065E+0002	 3.22268000000000E+0002	 1.77600000000000E+0001	 4.95630000000000E+0002	 2.49920000000000E+0001	 6.48120000000000E-0003	-3.81472000000000E-0005	 5.89200000000000E+0000	 7.67493000000000E+0000	-4.29000000000000E+0001
 3.27759131677350E+0002	 5.63725806451613E+0002	 3.22353000000000E+0002	 1.77520000000000E+0001	 4.95580000000000E+0002	 2.49960000000000E+0001	 6.47929000000000E-0003	-3.81472000000000E-0005	 5.89026363636364E+0000	 7.71445000000000E+0000	-4.29000000000000E+0001
 3.29434070251945E+0002	 5.63725806451613E+0002	 3.22401000000000E+0002	 1.77480000000000E+0001	 4.95477000000000E+0002	 2.50020000000000E+0001	 6.47929000000000E-0003	-3.81472000000000E-0005	 5.89026363636364E+0000	 7.75360000000000E+0000	-4.29000000000000E+0001
 3.31101198057295E+0002	 5.63677419354839E+0002	 3.22361000000000E+0002	 1.77510000000000E+0001	 4.95526000000000E+0002	 2.49990000000000E+0001	 6.47929000000000E-0003	-3.81472000000000E-0005	 5.89026363636364E+0000	 7.79237000000000E+0000	-4.29000000000000E+0001
 3.32753672324276E+0002	 5.63725806451613E+0002	 3.22393000000000E+0002	 1.77490000000000E+0001	 4.95403000000000E+0002	 2.50060000000000E+0001	 6.48120000000000E-0003	-3.81472000000000E-0005	 5.89200000000000E+0000	 7.83151000000000E+0000	-4.29000000000000E+0001
 3.34420802085181E+0002	 5.63580645161290E+0002	 3.22681000000000E+0002	 1.77240000000000E+0001	 4.95519000000000E+0002	 2.50000000000000E+0001	 6.48120000000000E-0003	-3.81472000000000E-0005	 5.89200000000000E+0000	 7.87065000000000E+0000	-4.29000000000000E+0001
 3.36072309469500E+0002	 5.63629032258065E+0002	 3.22313000000000E+0002	 1.77550000000000E+0001	 4.95436000000000E+0002	 2.50050000000000E+0001	 6.48120000000000E-0003	-3.81472000000000E-0005	 5.89200000000000E+0000	 7.90980000000000E+0000	-4.29000000000000E+0001
 3.37744320018326E+0002	 5.63725806451613E+0002	 3.22331000000000E+0002	 1.77540000000000E+0001	 4.95368000000000E+0002	 2.50080000000000E+0001	 6.48120000000000E-0003	-3.81472000000000E-0005	 5.89200000000000E+0000	 7.94932000000000E+0000	-4.29000000000000E+0001
 3.39414378922461E+0002	 5.60677419354839E+0002	 3.22466000000000E+0002	 1.77430000000000E+0001	 4.95480000000000E+0002	 2.50020000000000E+0001	 6.48120000000000E-0003	-3.81472000000000E-0005	 5.89200000000000E+0000	 7.98846000000000E+0000	-4.29000000000000E+0001
 3.41094198564343E+0002	 5.60774193548387E+0002	 3.22502000000000E+0002	 1.77390000000000E+0001	 4.95578000000000E+0002	 2.49960000000000E+0001	 6.48120000000000E-0003	-3.81472000000000E-0005	 5.89200000000000E+0000	 8.02799000000000E+0000	-4.29000000000000E+0001
 3.42782813458135E+0002	 5.60870967741935E+0002	 3.22575000000000E+0002	 1.77320000000000E+0001	 4.95638000000000E+0002	 2.49940000000000E+0001	 6.47929000000000E-0003	-3.81472000000000E-0005	 5.89026363636364E+0000	 8.06751000000000E+0000	-4.29000000000000E+0001
 3.44448970190345E+0002	 5.60870967741935E+0002	 3.22606000000000E+0002	 1.77310000000000E+0001	 4.95786000000000E+0002	 2.49840000000000E+0001	 6.48120000000000E-0003	-3.81472000000000E-0005	 5.89200000000000E+0000	 8.10703000000000E+0000	-4.29000000000000E+0001
 3.46121957678979E+0002	 5.60677419354839E+0002	 3.22489000000000E+0002	 1.77410000000000E+0001	 4.95767000000000E+0002	 2.49850000000000E+0001	 6.47929000000000E-0003	-3.81472000000000E-0005	 5.89026363636364E+0000	 8.14617000000000E+0000	-4.29000000000000E+0001
 3.47796895694844E+0002	 5.60870967741935E+0002	 3.22694000000000E+0002	 1.77230000000000E+0001	 4.95426000000000E+0002	 2.50060000000000E+0001	 6.48120000000000E-0003	-3.62399000000000E-0005	 5.89200000000000E+0000	 8.18569000000000E+0000	-4.29000000000000E+0001
 3.49471834828170E+0002	 5.60629032258065E+0002	 3.22583000000000E+0002	 1.77330000000000E+0001	 4.95251000000000E+0002	 2.50150000000000E+0001	 6.48120000000000E-0003	-3.81472000000000E-0005	 5.89200000000000E+0000	 8.22521000000000E+0000	-4.29000000000000E+0001
 3.51145797301054E+0002	 5.60725806451613E+0002	 3.22526000000000E+0002	 1.77370000000000E+0001	 4.95292000000000E+0002	 2.50130000000000E+0001	 6.48120000000000E-0003	-3.81472000000000E-0005	 5.89200000000000E+0000	 8.26436000000000E+0000	-4.29000000000000E+0001
 3.52810976534727E+0002	 5.60822580645161E+0002	 3.22699000000000E+0002	 1.77230000000000E+0001	 4.95517000000000E+0002	 2.50000000000000E+0001	 6.48120000000000E-0003	-3.62399000000000E-0005	 5.89200000000000E+0000	 8.30313000000000E+0000	-4.29000000000000E+0001
 3.54466386090970E+0002	 5.60774193548387E+0002	 3.22724000000000E+0002	 1.77210000000000E+0001	 4.95610000000000E+0002	 2.49940000000000E+0001	 6.48120000000000E-0003	-3.62399000000000E-0005	 5.89200000000000E+0000	 8.34227000000000E+0000	-4.29000000000000E+0001
 3.56136445553834E+0002	 5.60919354838710E+0002	 3.22601000000000E+0002	 1.77310000000000E+0001	 4.95606000000000E+0002	 2.49930000000000E+0001	 6.48120000000000E-0003	-3.81472000000000E-0005	 5.89200000000000E+0000	 8.38179000000000E+0000	-4.29000000000000E+0001
 3.57809432483737E+0002	 5.60822580645161E+0002	 3.22604000000000E+0002	 1.77310000000000E+0001	 4.95525000000000E+0002	 2.49990000000000E+0001	 6.48120000000000E-0003	-3.81472000000000E-0005	 5.89200000000000E+0000	 8.42131000000000E+0000	-4.29000000000000E+0001
 3.59484371896428E+0002	 5.61064516129032E+0002	 3.22571000000000E+0002	 1.77340000000000E+0001	 4.95472000000000E+0002	 2.50020000000000E+0001	 6.48120000000000E-0003	-3.62399000000000E-0005	 5.89200000000000E+0000	 8.46045000000000E+0000	-4.29000000000000E+0001
 3.61154431359293E+0002	 5.60870967741935E+0002	 3.22703000000000E+0002	 1.77230000000000E+0001	 4.95467000000000E+0002	 2.50030000000000E+0001	 6.48120000000000E-0003	-3.81472000000000E-0005	 5.89200000000000E+0000	 8.49922000000000E+0000	-4.29000000000000E+0001
 3.62803976762410E+0002	 5.60774193548387E+0002	 3.22771000000000E+0002	 1.77170000000000E+0001	 4.95516000000000E+0002	 2.50000000000000E+0001	 6.48120000000000E-0003	-3.81472000000000E-0005	 5.89200000000000E+0000	 8.53837000000000E+0000	-4.29000000000000E+0001
 3.64468194421358E+0002	 5.60919354838710E+0002	 3.22828000000000E+0002	 1.77120000000000E+0001	 4.95764000000000E+0002	 2.49850000000000E+0001	 6.48120000000000E-0003	-3.81472000000000E-0005	 5.89200000000000E+0000	 8.57714000000000E+0000	-4.29000000000000E+0001
 3.66122609158427E+0002	 5.60919354838710E+0002	 3.22805000000000E+0002	 1.77140000000000E+0001	 4.95550000000000E+0002	 2.49980000000000E+0001	 6.48120000000000E-0003	-3.81472000000000E-0005	 5.89200000000000E+0000	 8.61666000000000E+0000	-4.29000000000000E+0001
 3.67788754716032E+0002	 5.60870967741935E+0002	 3.22855000000000E+0002	 1.77100000000000E+0001	 4.95429000000000E+0002	 2.50050000000000E+0001	 6.48120000000000E-0003	-3.81472000000000E-0005	 5.89200000000000E+0000	 8.65543000000000E+0000	-4.29000000000000E+0001
 3.69440256233683E+0002	 5.60774193548387E+0002	 3.22859000000000E+0002	 1.77090000000000E+0001	 4.95345000000000E+0002	 2.50100000000000E+0001	 6.48120000000000E-0003	-3.81472000000000E-0005	 5.89200000000000E+0000	 8.69495000000000E+0000	-4.29000000000000E+0001
 3.71115198160660E+0002	 5.60774193548387E+0002	 3.22952000000000E+0002	 1.77010000000000E+0001	 4.95371000000000E+0002	 2.50080000000000E+0001	 6.48120000000000E-0003	-3.62399000000000E-0005	 5.89200000000000E+0000	 8.73409000000000E+0000	-4.29000000000000E+0001
 3.72789162309735E+0002	 5.60870967741935E+0002	 3.22877000000000E+0002	 1.77080000000000E+0001	 4.95666000000000E+0002	 2.49910000000000E+0001	 6.48120000000000E-0003	-3.81472000000000E-0005	 5.89200000000000E+0000	 8.77361000000000E+0000	-4.29000000000000E+0001
 3.74464109544649E+0002	 5.60677419354839E+0002	 3.23027000000000E+0002	 1.76950000000000E+0001	 4.95816000000000E+0002	 2.49820000000000E+0001	 6.48120000000000E-0003	-3.62399000000000E-0005	 5.89200000000000E+0000	 8.81313000000000E+0000	-4.29000000000000E+0001
 3.76141002836953E+0002	 5.60870967741935E+0002	 3.22957000000000E+0002	 1.77010000000000E+0001	 4.95614000000000E+0002	 2.49960000000000E+0001	 6.48120000000000E-0003	-3.81472000000000E-0005	 5.89200000000000E+0000	 8.85228000000000E+0000	-4.29000000000000E+0001
 3.77813994795428E+0002	 5.60822580645161E+0002	 3.23153000000000E+0002	 1.76850000000000E+0001	 4.95379000000000E+0002	 2.50080000000000E+0001	 6.48120000000000E-0003	-3.81472000000000E-0005	 5.89200000000000E+0000	 8.89180000000000E+0000	-4.29000000000000E+0001
 3.79491857484680E+0002	 5.60822580645161E+0002	 3.23163000000000E+0002	 1.76840000000000E+0001	 4.95309000000000E+0002	 2.50120000000000E+0001	 6.48120000000000E-0003	-3.62399000000000E-0005	 5.89200000000000E+0000	 8.93132000000000E+0000	-4.29000000000000E+0001
 3.81164845532044E+0002	 5.60870967741935E+0002	 3.23079000000000E+0002	 1.76910000000000E+0001	 4.95311000000000E+0002	 2.50110000000000E+0001	 6.48120000000000E-0003	-3.62399000000000E-0005	 5.89200000000000E+0000	 8.97046000000000E+0000	-4.29000000000000E+0001
 3.82836856080871E+0002	 5.60870967741935E+0002	 3.23092000000000E+0002	 1.76900000000000E+0001	 4.95757000000000E+0002	 2.49860000000000E+0001	 6.48120000000000E-0003	-3.62399000000000E-0005	 5.89200000000000E+0000	 9.00998000000000E+0000	-4.29000000000000E+0001
 3.84520587113725E+0002	 5.60725806451613E+0002	 3.23209000000000E+0002	 1.76800000000000E+0001	 4.95648000000000E+0002	 2.49920000000000E+0001	 6.48120000000000E-0003	-3.62399000000000E-0005	 5.89200000000000E+0000	 9.04950000000000E+0000	-4.29000000000000E+0001
 3.86192605205410E+0002	 5.60870967741935E+0002	 3.23086000000000E+0002	 1.76890000000000E+0001	 4.95472000000000E+0002	 2.50000000000000E+0001	 6.48120000000000E-0003	-3.81472000000000E-0005	 5.89200000000000E+0000	 9.08865000000000E+0000	-4.29000000000000E+0001
 3.87863635462049E+0002	 5.60822580645161E+0002	 3.23077000000000E+0002	 1.76910000000000E+0001	 4.95411000000000E+0002	 2.50060000000000E+0001	 6.48120000000000E-0003	-3.81472000000000E-0005	 5.89200000000000E+0000	 9.12817000000000E+0000	-4.29000000000000E+0001
 3.89534672702816E+0002	 5.60822580645161E+0002	 3.23118000000000E+0002	 1.76880000000000E+0001	 4.95316000000000E+0002	 2.50110000000000E+0001	 6.48120000000000E-0003	-3.62399000000000E-0005	 5.89200000000000E+0000	 9.16731000000000E+0000	-4.29000000000000E+0001
 3.91206684369103E+0002	 5.60919354838710E+0002	 3.23024000000000E+0002	 1.76960000000000E+0001	 4.95504000000000E+0002	 2.50010000000000E+0001	 6.48120000000000E-0003	-3.81472000000000E-0005	 5.89200000000000E+0000	 9.20608000000000E+0000	-4.29000000000000E+0001
 3.92858184210563E+0002	 5.60774193548387E+0002	 3.23201000000000E+0002	 1.76810000000000E+0001	 4.95599000000000E+0002	 2.49950000000000E+0001	 6.48120000000000E-0003	-3.62399000000000E-0005	 5.89200000000000E+0000	 9.24560000000000E+0000	-4.29000000000000E+0001
 3.94531168067450E+0002	 5.60725806451613E+0002	 3.23405000000000E+0002	 1.76630000000000E+0001	 4.95643000000000E+0002	 2.49920000000000E+0001	 6.48120000000000E-0003	-3.81472000000000E-0005	 5.89200000000000E+0000	 9.28475000000000E+0000	-4.29000000000000E+0001
 3.96205138641922E+0002	 5.60725806451613E+0002	 3.23097000000000E+0002	 1.76890000000000E+0001	 4.95441000000000E+0002	 2.50040000000000E+0001	 6.48120000000000E-0003	-3.62399000000000E-0005	 5.89200000000000E+0000	 9.32427000000000E+0000	-4.29000000000000E+0001
 3.97883981064633E+0002	 5.60870967741935E+0002	 3.23184000000000E+0002	 1.76820000000000E+0001	 4.95358000000000E+0002	 2.50090000000000E+0001	 6.48120000000000E-0003	-3.62399000000000E-0005	 5.89200000000000E+0000	 9.36379000000000E+0000	-4.29000000000000E+0001
 3.99558931372563E+0002	 5.62322580645161E+0002	 3.23174000000000E+0002	 1.76840000000000E+0001	 4.95263000000000E+0002	 2.50120000000000E+0001	 6.48120000000000E-0003	-3.62399000000000E-0005	 5.89200000000000E+0000	 9.40331000000000E+0000	-4.29000000000000E+0001
 4.01230936613452E+0002	 5.62225806451613E+0002	 3.23252000000000E+0002	 1.76760000000000E+0001	 4.95570000000000E+0002	 2.49970000000000E+0001	 6.48120000000000E-0003	-3.81472000000000E-0005	 5.89200000000000E+0000	 9.44245000000000E+0000	-4.29000000000000E+0001
 4.02903924940181E+0002	 5.62274193548387E+0002	 3.23299000000000E+0002	 1.76720000000000E+0001	 4.95740000000000E+0002	 2.49870000000000E+0001	 6.48120000000000E-0003	-3.62399000000000E-0005	 5.89200000000000E+0000	 9.48197000000000E+0000	-4.29000000000000E+0001
 4.04575941355675E+0002	 5.62225806451613E+0002	 3.23359000000000E+0002	 1.76670000000000E+0001	 4.95465000000000E+0002	 2.50030000000000E+0001	 6.48120000000000E-0003	-3.62399000000000E-0005	 5.89200000000000E+0000	 9.52074000000000E+0000	-4.29000000000000E+0001
 4.06226455317645E+0002	 5.62225806451613E+0002	 3.23336000000000E+0002	 1.76690000000000E+0001	 4.95509000000000E+0002	 2.50000000000000E+0001	 6.48120000000000E-0003	-3.81472000000000E-0005	 5.89200000000000E+0000	 9.56026000000000E+0000	-4.29000000000000E+0001
 4.07904331975153E+0002	 5.62225806451613E+0002	 3.23420000000000E+0002	 1.76620000000000E+0001	 4.95497000000000E+0002	 2.50010000000000E+0001	 6.48120000000000E-0003	-3.81472000000000E-0005	 5.89200000000000E+0000	 9.59941000000000E+0000	-4.29000000000000E+0001
 4.09575373685762E+0002	 5.62274193548387E+0002	 3.23468000000000E+0002	 1.76580000000000E+0001	 4.95719000000000E+0002	 2.49880000000000E+0001	 6.48120000000000E-0003	-3.81472000000000E-0005	 5.89200000000000E+0000	 9.63855000000000E+0000	-4.29000000000000E+0001
 4.11247375294905E+0002	 5.62080645161290E+0002	 3.23350000000000E+0002	 1.76680000000000E+0001	 4.95643000000000E+0002	 2.49920000000000E+0001	 6.48120000000000E-0003	-3.81472000000000E-0005	 5.89200000000000E+0000	 9.67807000000000E+0000	-4.29000000000000E+0001
 4.12928174949610E+0002	 5.62177419354839E+0002	 3.23384000000000E+0002	 1.76660000000000E+0001	 4.95446000000000E+0002	 2.50050000000000E+0001	 6.48120000000000E-0003	-3.81472000000000E-0005	 5.89200000000000E+0000	 9.71759000000000E+0000	-4.29000000000000E+0001
 4.14601170819196E+0002	 5.62177419354839E+0002	 3.23409000000000E+0002	 1.76630000000000E+0001	 4.95219000000000E+0002	 2.50170000000000E+0001	 6.48120000000000E-0003	-3.81472000000000E-0005	 5.89200000000000E+0000	 9.75711000000000E+0000	-4.29000000000000E+0001
 4.16274145457034E+0002	 5.62274193548387E+0002	 3.23534000000000E+0002	 1.76530000000000E+0001	 4.95446000000000E+0002	 2.50040000000000E+0001	 6.48120000000000E-0003	-3.81472000000000E-0005	 5.89200000000000E+0000	 9.79626000000000E+0000	-4.29000000000000E+0001
 4.17942262214890E+0002	 5.62322580645161E+0002	 3.23367000000000E+0002	 1.76670000000000E+0001	 4.95383000000000E+0002	 2.50080000000000E+0001	 6.48120000000000E-0003	-3.62399000000000E-0005	 5.89200000000000E+0000	 9.83503000000000E+0000	-4.29000000000000E+0001
 4.19591810970389E+0002	 5.62274193548387E+0002	 3.23494000000000E+0002	 1.76560000000000E+0001	 4.95492000000000E+0002	 2.50010000000000E+0001	 6.48120000000000E-0003	-3.81472000000000E-0005	 5.89200000000000E+0000	 9.87417000000000E+0000	-4.29000000000000E+0001
 4.21261861772935E+0002	 5.62274193548387E+0002	 3.23494000000000E+0002	 1.76560000000000E+0001	 4.95626000000000E+0002	 2.49910000000000E+0001	 6.48311000000000E-0003	-3.62399000000000E-0005	 5.89373636363636E+0000	 9.91369000000000E+0000	-4.29000000000000E+0001
 4.22940711459138E+0002	 5.62177419354839E+0002	 3.23537000000000E+0002	 1.76520000000000E+0001	 4.95649000000000E+0002	 2.49920000000000E+0001	 6.48311000000000E-0003	-3.62399000000000E-0005	 5.89373636363636E+0000	 9.95321000000000E+0000	-4.29000000000000E+0001
 4.24611759315779E+0002	 5.62322580645161E+0002	 3.23560000000000E+0002	 1.76500000000000E+0001	 4.95670000000000E+0002	 2.49910000000000E+0001	 6.48120000000000E-0003	-3.81472000000000E-0005	 5.89200000000000E+0000	 9.99236000000000E+0000	-4.29000000000000E+0001
 4.26286682804658E+0002	 5.62225806451613E+0002	 3.23695000000000E+0002	 1.76390000000000E+0001	 4.95535000000000E+0002	 2.49990000000000E+0001	 6.48120000000000E-0003	-3.62399000000000E-0005	 5.89200000000000E+0000	 1.00311200000000E+0001	-4.29000000000000E+0001
 4.27945017872383E+0002	 5.62080645161290E+0002	 3.23610000000000E+0002	 1.76460000000000E+0001	 4.95502000000000E+0002	 2.50010000000000E+0001	 6.48311000000000E-0003	-3.81472000000000E-0005	 5.89373636363636E+0000	 1.00706400000000E+0001	-4.29000000000000E+0001
 4.29610201855264E+0002	 5.62129032258065E+0002	 3.23471000000000E+0002	 1.76580000000000E+0001	 4.95514000000000E+0002	 2.50020000000000E+0001	 6.48120000000000E-0003	-3.81472000000000E-0005	 5.89200000000000E+0000	 1.01101700000000E+0001	-4.29000000000000E+0001
 4.31283184874055E+0002	 5.62274193548387E+0002	 3.23485000000000E+0002	 1.76570000000000E+0001	 4.95470000000000E+0002	 2.50030000000000E+0001	 6.48120000000000E-0003	-3.81472000000000E-0005	 5.89200000000000E+0000	 1.01493100000000E+0001	-4.29000000000000E+0001
 4.32958125124841E+0002	 5.62274193548387E+0002	 3.23668000000000E+0002	 1.76410000000000E+0001	 4.95463000000000E+0002	 2.50030000000000E+0001	 6.48120000000000E-0003	-3.81472000000000E-0005	 5.89200000000000E+0000	 1.01884500000000E+0001	-4.29000000000000E+0001
 4.34625256841302E+0002	 5.62225806451613E+0002	 3.23634000000000E+0002	 1.76440000000000E+0001	 4.95493000000000E+0002	 2.50010000000000E+0001	 6.48311000000000E-0003	-3.81472000000000E-0005	 5.89373636363636E+0000	 1.02276000000000E+0001	-4.29000000000000E+0001
 4.36279681076785E+0002	 5.62322580645161E+0002	 3.23658000000000E+0002	 1.76420000000000E+0001	 4.95450000000000E+0002	 2.50040000000000E+0001	 6.48311000000000E-0003	-3.81472000000000E-0005	 5.89373636363636E+0000	 1.02667400000000E+0001	-4.29000000000000E+0001
 4.37952671359069E+0002	 5.62225806451613E+0002	 3.23742000000000E+0002	 1.76350000000000E+0001	 4.95661000000000E+0002	 2.49920000000000E+0001	 6.48311000000000E-0003	-3.81472000000000E-0005	 5.89373636363636E+0000	 1.03062600000000E+0001	-4.29000000000000E+0001
 4.39623708320471E+0002	 5.62225806451613E+0002	 3.23770000000000E+0002	 1.76330000000000E+0001	 4.95664000000000E+0002	 2.49910000000000E+0001	 6.48311000000000E-0003	-3.81472000000000E-0005	 5.89373636363636E+0000	 1.03457800000000E+0001	-4.29000000000000E+0001
 4.41298645498241E+0002	 5.62322580645161E+0002	 3.23846000000000E+0002	 1.76260000000000E+0001	 4.95561000000000E+0002	 2.49970000000000E+0001	 6.48120000000000E-0003	-3.62399000000000E-0005	 5.89200000000000E+0000	 1.03849300000000E+0001	-4.29000000000000E+0001
 4.42970656047067E+0002	 5.62129032258065E+0002	 3.23812000000000E+0002	 1.76290000000000E+0001	 4.95463000000000E+0002	 2.50030000000000E+0001	 6.48311000000000E-0003	-3.62399000000000E-0005	 5.89373636363636E+0000	 1.04237000000000E+0001	-4.29000000000000E+0001
 4.44620211786694E+0002	 5.62080645161290E+0002	 3.24056000000000E+0002	 1.76090000000000E+0001	 4.95175000000000E+0002	 2.50200000000000E+0001	 6.48311000000000E-0003	-3.81472000000000E-0005	 5.89373636363636E+0000	 1.04632200000000E+0001	-4.29000000000000E+0001
 4.46292211999011E+0002	 5.62177419354839E+0002	 3.23863000000000E+0002	 1.76240000000000E+0001	 4.95466000000000E+0002	 2.50020000000000E+0001	 6.48311000000000E-0003	-3.81472000000000E-0005	 5.89373636363636E+0000	 1.05023600000000E+0001	-4.29000000000000E+0001
 4.47967151970432E+0002	 5.62225806451613E+0002	 3.23906000000000E+0002	 1.76210000000000E+0001	 4.95624000000000E+0002	 2.49940000000000E+0001	 6.48311000000000E-0003	-3.62399000000000E-0005	 5.89373636363636E+0000	 1.05418800000000E+0001	-4.29000000000000E+0001
 4.49647960285455E+0002	 5.62274193548387E+0002	 3.24152000000000E+0002	 1.76010000000000E+0001	 4.95720000000000E+0002	 2.49880000000000E+0001	 6.48120000000000E-0003	-3.81472000000000E-0005	 5.89200000000000E+0000	 1.05814000000000E+0001	-4.29000000000000E+0001
 4.51318993056380E+0002	 5.62177419354839E+0002	 3.24015000000000E+0002	 1.76110000000000E+0001	 4.95463000000000E+0002	 2.50000000000000E+0001	 6.48311000000000E-0003	-3.81472000000000E-0005	 5.89373636363636E+0000	 1.06205500000000E+0001	-4.29000000000000E+0001
 4.52994915554910E+0002	 5.62032258064516E+0002	 3.24037000000000E+0002	 1.76100000000000E+0001	 4.95724000000000E+0002	 2.49880000000000E+0001	 6.48311000000000E-0003	-3.62399000000000E-0005	 5.89373636363636E+0000	 1.06600700000000E+0001	-4.29000000000000E+0001
 4.54669849100933E+0002	 5.62322580645161E+0002	 3.24057000000000E+0002	 1.76090000000000E+0001	 4.95426000000000E+0002	 2.50050000000000E+0001	 6.48311000000000E-0003	-3.62399000000000E-0005	 5.89373636363636E+0000	 1.06995900000000E+0001	-4.29000000000000E+0001
 4.56343813529373E+0002	 5.62225806451613E+0002	 3.24104000000000E+0002	 1.76030000000000E+0001	 4.95578000000000E+0002	 2.49970000000000E+0001	 6.48311000000000E-0003	-3.81472000000000E-0005	 5.89373636363636E+0000	 1.07387300000000E+0001	-4.29000000000000E+0001
 4.58012896611161E+0002	 5.62322580645161E+0002	 3.24032000000000E+0002	 1.76110000000000E+0001	 4.95616000000000E+0002	 2.49940000000000E+0001	 6.48120000000000E-0003	-3.81472000000000E-0005	 5.89200000000000E+0000	 1.07782600000000E+0001	-4.29000000000000E+0001
 4.59691747973555E+0002	 5.62080645161290E+0002	 3.24056000000000E+0002	 1.76090000000000E+0001	 4.95609000000000E+0002	 2.49940000000000E+0001	 6.48311000000000E-0003	-3.81472000000000E-0005	 5.89373636363636E+0000	 1.08177800000000E+0001	-4.29000000000000E+0001
 4.61368638472208E+0002	 5.58937500000000E+0002	 3.24180000000000E+0002	 1.75990000000000E+0001	 4.95484000000000E+0002	 2.50040000000000E+0001	 6.48311000000000E-0003	-3.81472000000000E-0005	 5.89373636363636E+0000	 1.08569200000000E+0001	-4.29000000000000E+0001
 4.63040647903574E+0002	 5.58671875000000E+0002	 3.24081000000000E+0002	 1.76060000000000E+0001	 4.95577000000000E+0002	 2.49960000000000E+0001	 6.48311000000000E-0003	-3.81472000000000E-0005	 5.89373636363636E+0000	 1.08964400000000E+0001	-4.29000000000000E+0001
 4.64717537843497E+0002	 5.58512500000000E+0002	 3.24202000000000E+0002	 1.75960000000000E+0001	 4.95356000000000E+0002	 2.50090000000000E+0001	 6.48311000000000E-0003	-3.81472000000000E-0005	 5.89373636363636E+0000	 1.09359600000000E+0001	-4.29000000000000E+0001
 4.66394447059612E+0002	 5.58884375000000E+0002	 3.24062000000000E+0002	 1.76080000000000E+0001	 4.95428000000000E+0002	 2.50050000000000E+0001	 6.48311000000000E-0003	-3.81472000000000E-0005	 5.89373636363636E+0000	 1.09751100000000E+0001	-4.29000000000000E+0001
 4.68067424491102E+0002	 5.58725000000000E+0002	 3.24229000000000E+0002	 1.75940000000000E+0001	 4.95667000000000E+0002	 2.49910000000000E+0001	 6.48311000000000E-0003	-3.81472000000000E-0005	 5.89373636363636E+0000	 1.10146300000000E+0001	-4.29000000000000E+0001
 4.69740413935291E+0002	 5.58884375000000E+0002	 3.24277000000000E+0002	 1.75900000000000E+0001	 4.95627000000000E+0002	 2.49930000000000E+0001	 6.48311000000000E-0003	-3.62399000000000E-0005	 5.89373636363636E+0000	 1.10537700000000E+0001	-4.29000000000000E+0001
 4.71414375290714E+0002	 5.58512500000000E+0002	 3.24299000000000E+0002	 1.75890000000000E+0001	 4.95589000000000E+0002	 2.49970000000000E+0001	 6.48311000000000E-0003	-3.81472000000000E-0005	 5.89373636363636E+0000	 1.10932900000000E+0001	-4.29000000000000E+0001
 4.73094192977040E+0002	 5.58778125000000E+0002	 3.24154000000000E+0002	 1.76000000000000E+0001	 4.95323000000000E+0002	 2.50110000000000E+0001	 6.48311000000000E-0003	-3.81472000000000E-0005	 5.89373636363636E+0000	 1.11328100000000E+0001	-4.29000000000000E+0001
 4.74772072707565E+0002	 5.58725000000000E+0002	 3.24345000000000E+0002	 1.75840000000000E+0001	 4.95411000000000E+0002	 2.50060000000000E+0001	 6.48311000000000E-0003	-3.62399000000000E-0005	 5.89373636363636E+0000	 1.11723300000000E+0001	-4.29000000000000E+0001
 4.76446034062988E+0002	 5.58884375000000E+0002	 3.24177000000000E+0002	 1.75980000000000E+0001	 4.95353000000000E+0002	 2.50070000000000E+0001	 6.48311000000000E-0003	-3.62399000000000E-0005	 5.89373636363636E+0000	 1.12114800000000E+0001	-4.29000000000000E+0001
 4.78117068789469E+0002	 5.58884375000000E+0002	 3.24276000000000E+0002	 1.75900000000000E+0001	 4.95750000000000E+0002	 2.49860000000000E+0001	 6.48311000000000E-0003	-3.81472000000000E-0005	 5.89373636363636E+0000	 1.12510000000000E+0001	-4.29000000000000E+0001
 4.79792984303871E+0002	 5.58778125000000E+0002	 3.24285000000000E+0002	 1.75890000000000E+0001	 4.95563000000000E+0002	 2.49970000000000E+0001	 6.48311000000000E-0003	-3.62399000000000E-0005	 5.89373636363636E+0000	 1.12901400000000E+0001	-4.29000000000000E+0001
 4.81462066268199E+0002	 5.58884375000000E+0002	 3.23949000000000E+0002	 1.76180000000000E+0001	 4.95567000000000E+0002	 2.49970000000000E+0001	 6.48311000000000E-0003	-3.62399000000000E-0005	 5.89373636363636E+0000	 1.13292900000000E+0001	-4.29000000000000E+0001
 4.83113568065215E+0002	 5.58884375000000E+0002	 3.24059000000000E+0002	 1.76080000000000E+0001	 4.95585000000000E+0002	 2.49960000000000E+0001	 6.48311000000000E-0003	-3.81472000000000E-0005	 5.89373636363636E+0000	 1.13684300000000E+0001	-4.29000000000000E+0001
 4.84791436062405E+0002	 5.58831250000000E+0002	 3.24185000000000E+0002	 1.75980000000000E+0001	 4.95527000000000E+0002	 2.50010000000000E+0001	 6.48311000000000E-0003	-3.81472000000000E-0005	 5.89373636363636E+0000	 1.14079500000000E+0001	-4.29000000000000E+0001
 4.86460520261653E+0002	 5.58831250000000E+0002	 3.24263000000000E+0002	 1.75910000000000E+0001	 4.95638000000000E+0002	 2.49930000000000E+0001	 6.48311000000000E-0003	-3.81472000000000E-0005	 5.89373636363636E+0000	 1.14471000000000E+0001	-4.29000000000000E+0001
 4.88135460791805E+0002	 5.58884375000000E+0002	 3.24488000000000E+0002	 1.75720000000000E+0001	 4.95549000000000E+0002	 2.49980000000000E+0001	 6.48311000000000E-0003	-3.62399000000000E-0005	 5.89373636363636E+0000	 1.14866200000000E+0001	-4.29000000000000E+0001
 4.89802591111440E+0002	 5.58937500000000E+0002	 3.24220000000000E+0002	 1.75950000000000E+0001	 4.95380000000000E+0002	 2.50080000000000E+0001	 6.48311000000000E-0003	-3.81472000000000E-0005	 5.89373636363636E+0000	 1.15253900000000E+0001	-4.29000000000000E+0001
 4.91455060349849E+0002	 5.58884375000000E+0002	 3.24426000000000E+0002	 1.75770000000000E+0001	 4.95441000000000E+0002	 2.50040000000000E+0001	 6.48311000000000E-0003	-3.81472000000000E-0005	 5.89373636363636E+0000	 1.15649100000000E+0001	-4.29000000000000E+0001
 4.93135865591856E+0002	 5.58618750000000E+0002	 3.24301000000000E+0002	 1.75900000000000E+0001	 4.95331000000000E+0002	 2.50090000000000E+0001	 6.48311000000000E-0003	-3.81472000000000E-0005	 5.89373636363636E+0000	 1.16040500000000E+0001	-4.29000000000000E+0001
 4.94799082006233E+0002	 5.58884375000000E+0002	 3.24331000000000E+0002	 1.75850000000000E+0001	 4.95417000000000E+0002	 2.50060000000000E+0001	 6.48311000000000E-0003	-3.81472000000000E-0005	 5.89373636363636E+0000	 1.16431900000000E+0001	-4.29000000000000E+0001
 4.96472073126612E+0002	 5.58884375000000E+0002	 3.24310000000000E+0002	 1.75870000000000E+0001	 4.95670000000000E+0002	 2.49910000000000E+0001	 6.48311000000000E-0003	-3.62399000000000E-0005	 5.89373636363636E+0000	 1.16827100000000E+0001	-4.29000000000000E+0001
 4.98146039510608E+0002	 5.58990625000000E+0002	 3.24536000000000E+0002	 1.75680000000000E+0001	 4.95762000000000E+0002	 2.49860000000000E+0001	 6.48311000000000E-0003	-3.81472000000000E-0005	 5.89373636363636E+0000	 1.17214800000000E+0001	-4.29000000000000E+0001
 4.99797534882227E+0002	 5.58778125000000E+0002	 3.24603000000000E+0002	 1.75630000000000E+0001	 4.95649000000000E+0002	 2.49920000000000E+0001	 6.48311000000000E-0003	-3.81472000000000E-0005	 5.89373636363636E+0000	 1.17610000000000E+0001	-4.29000000000000E+0001
 5.01476387641446E+0002	 5.58565625000000E+0002	 3.24378000000000E+0002	 1.75810000000000E+0001	 4.95525000000000E+0002	 2.50020000000000E+0001	 6.48311000000000E-0003	-3.81472000000000E-0005	 5.89373636363636E+0000	 1.18005300000000E+0001	-4.29000000000000E+0001
 5.03147424882213E+0002	 5.58884375000000E+0002	 3.24563000000000E+0002	 1.75660000000000E+0001	 4.95407000000000E+0002	 2.50060000000000E+0001	 6.48311000000000E-0003	-3.62399000000000E-0005	 5.89373636363636E+0000	 1.18396700000000E+0001	-4.29000000000000E+0001
 5.04817479875236E+0002	 5.58725000000000E+0002	 3.24439000000000E+0002	 1.75760000000000E+0001	 4.95339000000000E+0002	 2.50100000000000E+0001	 6.48311000000000E-0003	-3.81472000000000E-0005	 5.89373636363636E+0000	 1.18791900000000E+0001	-4.29000000000000E+0001
 5.06490469319425E+0002	 5.58778125000000E+0002	 3.24379000000000E+0002	 1.75810000000000E+0001	 4.95545000000000E+0002	 2.49970000000000E+0001	 6.48311000000000E-0003	-3.81472000000000E-0005	 5.89373636363636E+0000	 1.19187100000000E+0001	-4.29000000000000E+0001
 5.08171263945557E+0002	 5.58725000000000E+0002	 3.24661000000000E+0002	 1.75580000000000E+0001	 4.95506000000000E+0002	 2.50000000000000E+0001	 6.48311000000000E-0003	-3.62399000000000E-0005	 5.89373636363636E+0000	 1.19578600000000E+0001	-4.29000000000000E+0001
 5.09848161707703E+0002	 5.58778125000000E+0002	 3.24497000000000E+0002	 1.75710000000000E+0001	 4.95366000000000E+0002	 2.50090000000000E+0001	 6.48311000000000E-0003	-3.62399000000000E-0005	 5.89373636363636E+0000	 1.19973800000000E+0001	-4.29000000000000E+0001
 5.11527987495617E+0002	 5.58831250000000E+0002	 3.24582000000000E+0002	 1.75640000000000E+0001	 4.95503000000000E+0002	 2.50010000000000E+0001	 6.48311000000000E-0003	-3.62399000000000E-0005	 5.89373636363636E+0000	 1.20365200000000E+0001	-4.29000000000000E+0001
 5.13206832153249E+0002	 5.58725000000000E+0002	 3.24713000000000E+0002	 1.75530000000000E+0001	 4.95565000000000E+0002	 2.49970000000000E+0001	 6.48311000000000E-0003	-3.62399000000000E-0005	 5.89373636363636E+0000	 1.20760400000000E+0001	-4.29000000000000E+0001
 5.14874943323802E+0002	 5.58937500000000E+0002	 3.24669000000000E+0002	 1.75570000000000E+0001	 4.95348000000000E+0002	 2.50100000000000E+0001	 6.48311000000000E-0003	-3.62399000000000E-0005	 5.89373636363636E+0000	 1.21155600000000E+0001	-4.29000000000000E+0001
 5.16547927180689E+0002	 5.58671875000000E+0002	 3.24859000000000E+0002	 1.75430000000000E+0001	 4.95497000000000E+0002	 2.50010000000000E+0001	 6.48311000000000E-0003	-3.62399000000000E-0005	 5.89373636363636E+0000	 1.21550800000000E+0001	-4.29000000000000E+0001
 5.18220912155036E+0002	 5.58512500000000E+0002	 3.24792000000000E+0002	 1.75470000000000E+0001	 4.95381000000000E+0002	 2.50080000000000E+0001	 6.48311000000000E-0003	-3.62399000000000E-0005	 5.89373636363636E+0000	 1.21946000000000E+0001	-4.29000000000000E+0001
 5.19895859948681E+0002	 5.58884375000000E+0002	 3.24934000000000E+0002	 1.75350000000000E+0001	 4.95723000000000E+0002	 2.49880000000000E+0001	 6.48311000000000E-0003	-3.81472000000000E-0005	 5.89373636363636E+0000	 1.22337500000000E+0001	-4.29000000000000E+0001
 5.21575689647707E+0002	 5.61887096774194E+0002	 3.24892000000000E+0002	 1.75380000000000E+0001	 4.95717000000000E+0002	 2.49880000000000E+0001	 6.48311000000000E-0003	-3.81472000000000E-0005	 5.89373636363636E+0000	 1.22732700000000E+0001	-4.29000000000000E+0001
 5.23244764627907E+0002	 5.61983870967742E+0002	 3.24960000000000E+0002	 1.75330000000000E+0001	 4.95619000000000E+0002	 2.49940000000000E+0001	 6.48311000000000E-0003	-3.62399000000000E-0005	 5.89373636363636E+0000	 1.23124100000000E+0001	-4.29000000000000E+0001
 5.24921653729734E+0002	 5.61887096774194E+0002	 3.25058000000000E+0002	 1.75250000000000E+0001	 4.95558000000000E+0002	 2.49970000000000E+0001	 6.48311000000000E-0003	-3.62399000000000E-0005	 5.89373636363636E+0000	 1.23519300000000E+0001	-4.29000000000000E+0001
 5.26589768532034E+0002	 5.61983870967742E+0002	 3.25000000000000E+0002	 1.75300000000000E+0001	 4.95535000000000E+0002	 2.49990000000000E+0001	 6.48311000000000E-0003	-3.62399000000000E-0005	 5.89373636363636E+0000	 1.23907000000000E+0001	-4.29000000000000E+0001
 5.28243217503901E+0002	 5.61693548387097E+0002	 3.24977000000000E+0002	 1.75320000000000E+0001	 4.95337000000000E+0002	 2.50100000000000E+0001	 6.48311000000000E-0003	-3.62399000000000E-0005	 5.89373636363636E+0000	 1.24302200000000E+0001	-4.29000000000000E+0001
 5.29922057132960E+0002	 5.62080645161290E+0002	 3.24995000000000E+0002	 1.75300000000000E+0001	 4.95396000000000E+0002	 2.50070000000000E+0001	 6.48311000000000E-0003	-3.81472000000000E-0005	 5.89373636363636E+0000	 1.24693700000000E+0001	-4.29000000000000E+0001
 5.31587242792031E+0002	 5.61838709677419E+0002	 3.24947000000000E+0002	 1.75340000000000E+0001	 4.95673000000000E+0002	 2.49910000000000E+0001	 6.48311000000000E-0003	-3.81472000000000E-0005	 5.89373636363636E+0000	 1.25085100000000E+0001	-4.29000000000000E+0001
 5.33257295829498E+0002	 5.62129032258065E+0002	 3.25130000000000E+0002	 1.75200000000000E+0001	 4.95513000000000E+0002	 2.50000000000000E+0001	 6.48311000000000E-0003	-3.81472000000000E-0005	 5.89373636363636E+0000	 1.25480300000000E+0001	-4.29000000000000E+0001
 5.34932240829491E+0002	 5.61983870967742E+0002	 3.25104000000000E+0002	 1.75210000000000E+0001	 4.95571000000000E+0002	 2.49950000000000E+0001	 6.48311000000000E-0003	-3.81472000000000E-0005	 5.89373636363636E+0000	 1.25875500000000E+0001	-4.29000000000000E+0001
 5.36615977449648E+0002	 5.61887096774194E+0002	 3.25169000000000E+0002	 1.75170000000000E+0001	 4.95556000000000E+0002	 2.49980000000000E+0001	 6.48311000000000E-0003	-3.62399000000000E-0005	 5.89373636363636E+0000	 1.26267000000000E+0001	-4.29000000000000E+0001
 5.38287011896763E+0002	 5.61887096774194E+0002	 3.25043000000000E+0002	 1.75260000000000E+0001	 4.95662000000000E+0002	 2.49910000000000E+0001	 6.48311000000000E-0003	-3.62399000000000E-0005	 5.89373636363636E+0000	 1.26662200000000E+0001	-4.29000000000000E+0001
 5.39958037404195E+0002	 5.62032258064516E+0002	 3.25084000000000E+0002	 1.75230000000000E+0001	 4.95439000000000E+0002	 2.50040000000000E+0001	 6.48311000000000E-0003	-3.62399000000000E-0005	 5.89373636363636E+0000	 1.27049900000000E+0001	-4.29000000000000E+0001
 5.41604664279957E+0002	 5.61887096774194E+0002	 3.25058000000000E+0002	 1.75250000000000E+0001	 4.95378000000000E+0002	 2.50080000000000E+0001	 6.48311000000000E-0003	-3.81472000000000E-0005	 5.89373636363636E+0000	 1.27445100000000E+0001	-4.29000000000000E+0001
 5.43282527248575E+0002	 5.61887096774194E+0002	 3.25131000000000E+0002	 1.75210000000000E+0001	 4.95307000000000E+0002	 2.50120000000000E+0001	 6.48502000000000E-0003	-3.81472000000000E-0005	 5.89547272727273E+0000	 1.27836500000000E+0001	-4.29000000000000E+0001
 5.44956490280189E+0002	 5.62080645161290E+0002	 3.25040000000000E+0002	 1.75260000000000E+0001	 4.95400000000000E+0002	 2.50070000000000E+0001	 6.48502000000000E-0003	-3.81472000000000E-0005	 5.89547272727273E+0000	 1.28231700000000E+0001	-4.29000000000000E+0001
 5.46631439470659E+0002	 5.62032258064516E+0002	 3.25182000000000E+0002	 1.75160000000000E+0001	 4.95535000000000E+0002	 2.49990000000000E+0001	 6.48311000000000E-0003	-3.62399000000000E-0005	 5.89373636363636E+0000	 1.28623200000000E+0001	-4.29000000000000E+0001
 5.48298556660134E+0002	 5.62080645161290E+0002	 3.25344000000000E+0002	 1.75050000000000E+0001	 4.95490000000000E+0002	 2.50010000000000E+0001	 6.48311000000000E-0003	-3.62399000000000E-0005	 5.89373636363636E+0000	 1.29010800000000E+0001	-4.29000000000000E+0001
 5.49950064323818E+0002	 5.61983870967742E+0002	 3.25239000000000E+0002	 1.75120000000000E+0001	 4.95650000000000E+0002	 2.49920000000000E+0001	 6.48311000000000E-0003	-3.62399000000000E-0005	 5.89373636363636E+0000	 1.29406100000000E+0001	-4.29000000000000E+0001
 5.51625986542982E+0002	 5.61887096774194E+0002	 3.25134000000000E+0002	 1.75190000000000E+0001	 4.95684000000000E+0002	 2.49910000000000E+0001	 6.48311000000000E-0003	-3.62399000000000E-0005	 5.89373636363636E+0000	 1.29797500000000E+0001	-4.29000000000000E+0001
