1.000000000000000000e+00	-2.422404815999999900e+01	1.300820250000000000e+03	2.351999999999999900e-03
1.000000000000000000e+00	-2.422404815999999900e+01	1.476259275000000100e+03	5.121100000000000000e-03
1.000000000000000000e+00	-2.422404815999999900e+01	1.486542112500000000e+03	5.346199999999999700e-03
2.000000000000000000e+00	-2.328180815999999700e+01	1.251140362500000000e+03	1.424600000000000000e-03
2.000000000000000000e+00	-2.328180815999999700e+01	1.297322562500000000e+03	2.120299999999999900e-03
2.000000000000000000e+00	-2.328180815999999700e+01	1.474351000000000100e+03	6.346600000000000000e-03
3.000000000000000000e+00	-2.233956815999999900e+01	1.248224587500000100e+03	3.446100000000000100e-03
3.000000000000000000e+00	-2.233956815999999900e+01	1.285250812500000200e+03	5.814800000000000200e-03
3.000000000000000000e+00	-2.233956815999999900e+01	1.465065300000000000e+03	1.956799999999999900e-02
4.000000000000000000e+00	-2.139732815999999700e+01	1.237797062499999800e+03	1.445099999999999900e-03
4.000000000000000000e+00	-2.139732815999999700e+01	1.273652187500000100e+03	2.495100000000000100e-03
4.000000000000000000e+00	-2.139732815999999700e+01	1.452048912499999900e+03	8.643299999999999600e-03
5.000000000000000000e+00	-2.045508815999999900e+01	1.229090700000000000e+03	3.109700000000000000e-03
5.000000000000000000e+00	-2.045508815999999900e+01	1.264154474999999800e+03	5.231800000000000000e-03
5.000000000000000000e+00	-2.045508815999999900e+01	1.440354450000000000e+03	2.348099999999999800e-02
6.000000000000000000e+00	-1.951284815999999700e+01	1.221747149999999900e+03	3.170000000000000100e-03
6.000000000000000000e+00	-1.951284815999999700e+01	1.257082925000000200e+03	5.249000000000000200e-03
6.000000000000000000e+00	-1.951284815999999700e+01	1.433002749999999900e+03	2.381600000000000000e-02
7.000000000000000000e+00	-1.857060815999999900e+01	1.220840400000000000e+03	3.125499999999999800e-03
7.000000000000000000e+00	-1.857060815999999900e+01	1.252289662500000100e+03	4.959700000000000000e-03
7.000000000000000000e+00	-1.857060815999999900e+01	1.427248087500000100e+03	2.285200000000000100e-02
8.000000000000000000e+00	-1.762836815999999700e+01	1.220578612500000000e+03	3.830899999999999900e-03
8.000000000000000000e+00	-1.762836815999999700e+01	1.241272712499999900e+03	5.475599999999999700e-03
8.000000000000000000e+00	-1.762836815999999700e+01	1.417562074999999800e+03	2.504599999999999900e-02
9.000000000000000000e+00	-1.668612815999999900e+01	1.214552549999999900e+03	1.625700000000000100e-03
9.000000000000000000e+00	-1.668612815999999900e+01	1.237200825000000100e+03	2.469700000000000000e-03
9.000000000000000000e+00	-1.668612815999999900e+01	1.412189287500000100e+03	1.217000000000000000e-02
1.000000000000000000e+01	-1.574388815999999900e+01	1.209482500000000100e+03	1.570000000000000000e-03
1.000000000000000000e+01	-1.574388815999999900e+01	1.228698450000000100e+03	2.191499999999999900e-03
1.000000000000000000e+01	-1.574388815999999900e+01	1.404058974999999900e+03	1.213799999999999900e-02
1.100000000000000000e+01	-1.480164815999999900e+01	1.197160837500000100e+03	1.678400000000000000e-03
1.100000000000000000e+01	-1.480164815999999900e+01	1.226317237499999900e+03	3.305100000000000100e-03
1.100000000000000000e+01	-1.480164815999999900e+01	1.395708712500000000e+03	2.333000000000000000e-02
1.200000000000000000e+01	-1.385940815999999900e+01	1.191744700000000000e+03	1.693400000000000100e-03
1.200000000000000000e+01	-1.385940815999999900e+01	1.219909450000000100e+03	3.136500000000000000e-03
1.200000000000000000e+01	-1.385940815999999900e+01	1.389067737500000000e+03	2.215500000000000100e-02
1.300000000000000000e+01	-1.291716815999999900e+01	1.193346074999999900e+03	1.019500000000000000e-03
1.300000000000000000e+01	-1.291716815999999900e+01	1.211799112499999900e+03	1.472000000000000000e-03
1.300000000000000000e+01	-1.291716815999999900e+01	1.381601100000000100e+03	1.090000000000000000e-02
1.400000000000000000e+01	-1.197492815999999900e+01	1.206426325000000100e+03	1.527300000000000100e-03
1.400000000000000000e+01	-1.197492815999999900e+01	1.377721937500000000e+03	1.043900000000000000e-02
1.500000000000000000e+01	-1.103268815999999900e+01	1.201215899999999900e+03	1.592499999999999900e-03
1.500000000000000000e+01	-1.103268815999999900e+01	1.374141787500000000e+03	9.882999999999999400e-03
1.600000000000000000e+01	-1.009044815999999900e+01	1.195170412500000100e+03	1.379300000000000000e-03
1.600000000000000000e+01	-1.009044815999999900e+01	1.369672012500000200e+03	8.161699999999999200e-03
1.700000000000000000e+01	-9.148208159999999400e+00	1.193856712500000000e+03	1.124900000000000100e-03
1.700000000000000000e+01	-9.148208159999999400e+00	1.365671212500000100e+03	7.524799999999999900e-03
1.800000000000000000e+01	-8.205968159999999400e+00	1.191425100000000200e+03	6.920900000000000200e-04
1.800000000000000000e+01	-8.205968159999999400e+00	1.361222587500000100e+03	7.536600000000000100e-03
1.900000000000000000e+01	-7.263728159999999400e+00	1.196089499999999800e+03	8.089500000000000100e-04
1.900000000000000000e+01	-7.263728159999999400e+00	1.360654950000000100e+03	1.231400000000000000e-02
2.000000000000000000e+01	-6.321488159999999500e+00	1.188428850000000000e+03	7.733800000000000500e-04
2.000000000000000000e+01	-6.321488159999999500e+00	1.355709487500000000e+03	1.061499999999999900e-02
2.100000000000000000e+01	-5.379248159999999500e+00	1.192374862500000100e+03	9.355500000000000500e-04
2.100000000000000000e+01	-5.379248159999999500e+00	1.355017912500000000e+03	8.273000000000000800e-03
2.200000000000000000e+01	-4.437008159999999500e+00	1.180189162500000100e+03	1.012400000000000100e-03
2.200000000000000000e+01	-4.437008159999999500e+00	1.350735712500000100e+03	6.906100000000000100e-03
2.300000000000000000e+01	-3.494768159999999600e+00	1.181781637500000000e+03	7.871000000000000000e-04
2.300000000000000000e+01	-3.494768159999999600e+00	1.350702524999999900e+03	5.019700000000000200e-03
2.400000000000000000e+01	-2.552528159999999600e+00	1.179280299999999900e+03	8.328199999999999600e-04
2.400000000000000000e+01	-2.552528159999999600e+00	1.347709500000000200e+03	4.922900000000000000e-03
2.500000000000000000e+01	-1.610288159999999600e+00	1.176515062499999900e+03	5.058999999999999900e-04
2.500000000000000000e+01	-1.610288159999999600e+00	1.349290762499999800e+03	2.972400000000000000e-03
2.600000000000000000e+01	-6.680481599999996700e-01	1.218401337500000000e+03	3.958300000000000100e-04
2.600000000000000000e+01	-6.680481599999996700e-01	1.346141462500000000e+03	1.334300000000000100e-03
2.700000000000000000e+01	2.741918400000003500e-01	1.354317037500000200e+03	2.987600000000000200e-04
2.800000000000000000e+01	1.216431840000000300e+00	1.189976912500000000e+03	3.832400000000000200e-04
2.800000000000000000e+01	1.216431840000000300e+00	1.348438587500000000e+03	1.784199999999999900e-03
2.900000000000000000e+01	2.158671840000000200e+00	1.181631450000000100e+03	7.487099999999999800e-04
2.900000000000000000e+01	2.158671840000000200e+00	1.349240699999999800e+03	3.745300000000000000e-03
3.000000000000000000e+01	3.100911840000000200e+00	1.178970687499999900e+03	9.349799999999999700e-04
3.000000000000000000e+01	3.100911840000000200e+00	1.348468550000000100e+03	5.312100000000000200e-03
3.100000000000000000e+01	4.043151840000000200e+00	1.182792899999999900e+03	1.102100000000000000e-03
3.100000000000000000e+01	4.043151840000000200e+00	1.353005400000000000e+03	7.265200000000000300e-03
3.200000000000000000e+01	4.985391840000000100e+00	1.181527487500000000e+03	1.462100000000000000e-03
3.200000000000000000e+01	4.985391840000000100e+00	1.351784400000000000e+03	8.654399999999999600e-03
3.300000000000000000e+01	5.927631840000000100e+00	1.185896775000000200e+03	1.461600000000000000e-03
3.300000000000000000e+01	5.927631840000000100e+00	1.357010399999999900e+03	8.592700000000000000e-03
3.400000000000000000e+01	6.869871840000000100e+00	1.185242837500000000e+03	1.689900000000000000e-03
3.400000000000000000e+01	6.869871840000000100e+00	1.356708237500000000e+03	9.270900000000000300e-03
3.500000000000000000e+01	7.812111840000000000e+00	1.189220925000000100e+03	1.938400000000000100e-03
3.500000000000000000e+01	7.812111840000000000e+00	1.361586112500000100e+03	1.021900000000000100e-02
3.600000000000000000e+01	8.754351840000000000e+00	1.189747200000000000e+03	2.078700000000000200e-03
3.600000000000000000e+01	8.754351840000000000e+00	1.363170150000000100e+03	1.053300000000000100e-02
3.700000000000000000e+01	9.696591840000000000e+00	1.194427425000000100e+03	2.200100000000000000e-03
3.700000000000000000e+01	9.696591840000000000e+00	1.368634912500000200e+03	1.145900000000000000e-02
3.800000000000000000e+01	1.063883184000000000e+01	1.195070537500000000e+03	2.587900000000000200e-03
3.800000000000000000e+01	1.063883184000000000e+01	1.371010337500000100e+03	1.347500000000000100e-02
3.900000000000000000e+01	1.158107184000000000e+01	1.200494999999999900e+03	2.383199999999999800e-03
3.900000000000000000e+01	1.158107184000000000e+01	1.376244412500000000e+03	1.404000000000000000e-02
4.000000000000000000e+01	1.252331184000000000e+01	1.206406350000000000e+03	7.466200000000000300e-04
4.000000000000000000e+01	1.252331184000000000e+01	1.380668250000000200e+03	6.747200000000000100e-03
4.100000000000000000e+01	1.346555184000000000e+01	1.215864187499999800e+03	5.367399999999999600e-04
4.100000000000000000e+01	1.346555184000000000e+01	1.387798837500000000e+03	6.778099999999999600e-03
4.200000000000000000e+01	1.440779184000000000e+01	1.216903212500000100e+03	6.252599999999999900e-04
4.200000000000000000e+01	1.440779184000000000e+01	1.392833024999999900e+03	6.391000000000000000e-03
4.300000000000000000e+01	1.535003184000000000e+01	1.220640149999999900e+03	1.058500000000000000e-03
4.300000000000000000e+01	1.535003184000000000e+01	1.401265650000000100e+03	6.086399999999999600e-03
4.400000000000000000e+01	1.629227184000000200e+01	1.227420049999999900e+03	1.385299999999999900e-03
4.400000000000000000e+01	1.629227184000000200e+01	1.410001537500000000e+03	5.283000000000000400e-03
4.500000000000000000e+01	1.723451184000000000e+01	1.238973037500000100e+03	1.352399999999999900e-03
4.500000000000000000e+01	1.723451184000000000e+01	1.424775000000000100e+03	4.776599999999999800e-03
4.600000000000000000e+01	1.817675184000000100e+01	1.224543649999999800e+03	8.462500000000000000e-04
4.600000000000000000e+01	1.817675184000000100e+01	1.240323900000000100e+03	1.192100000000000000e-03
4.600000000000000000e+01	1.817675184000000100e+01	1.417152587500000000e+03	3.724299999999999800e-03
4.600000000000000000e+01	1.817675184000000100e+01	1.428218737500000100e+03	3.806700000000000100e-03
4.700000000000000000e+01	1.911899184000000000e+01	1.248805312499999900e+03	1.074700000000000000e-03
4.700000000000000000e+01	1.911899184000000000e+01	1.419238087500000100e+03	3.143599999999999900e-03
4.700000000000000000e+01	1.911899184000000000e+01	1.434286875000000000e+03	4.033100000000000400e-03
4.800000000000000000e+01	2.006123184000000100e+01	1.224633537500000100e+03	6.016199999999999800e-04
4.800000000000000000e+01	2.006123184000000100e+01	1.240823275000000200e+03	7.339399999999999800e-04
4.800000000000000000e+01	2.006123184000000100e+01	1.256084175000000200e+03	1.000700000000000000e-03
4.800000000000000000e+01	2.006123184000000100e+01	1.426281162499999900e+03	3.562800000000000100e-03
4.800000000000000000e+01	2.006123184000000100e+01	1.443209975000000000e+03	3.996099999999999800e-03
4.900000000000000000e+01	2.100347184000000000e+01	1.430852587500000000e+03	3.092300000000000100e-03
4.900000000000000000e+01	2.100347184000000000e+01	1.449225525000000100e+03	3.916900000000000100e-03
4.900000000000000000e+01	2.100347184000000000e+01	1.234487437499999900e+03	1.121199999999999900e-03
4.900000000000000000e+01	2.100347184000000000e+01	1.264745212500000000e+03	2.220999999999999900e-03
5.000000000000000000e+01	2.194571184000000100e+01	1.443669400000000000e+03	3.108399999999999900e-03
5.000000000000000000e+01	2.194571184000000100e+01	1.462945275000000000e+03	3.823300000000000000e-03
5.000000000000000000e+01	2.194571184000000100e+01	1.234151625000000000e+03	4.281900000000000100e-04
5.000000000000000000e+01	2.194571184000000100e+01	1.272613487500000000e+03	1.302700000000000000e-03
5.100000000000000000e+01	2.288795183999999900e+01	1.267799025000000000e+03	5.460499999999999600e-04
5.100000000000000000e+01	2.288795183999999900e+01	1.284479850000000200e+03	8.261500000000000000e-04
5.100000000000000000e+01	2.288795183999999900e+01	1.457165437499999800e+03	3.237900000000000200e-03
5.100000000000000000e+01	2.288795183999999900e+01	1.476028987500000100e+03	3.135999999999999900e-03
5.200000000000000000e+01	2.383019184000000100e+01	1.253347600000000100e+03	4.333399999999999900e-04
5.200000000000000000e+01	2.383019184000000100e+01	1.273222724999999900e+03	5.669800000000000200e-04
5.200000000000000000e+01	2.383019184000000100e+01	1.293846912499999900e+03	9.133999999999999800e-04
5.200000000000000000e+01	2.383019184000000100e+01	1.468308562500000100e+03	2.733600000000000100e-03
5.200000000000000000e+01	2.383019184000000100e+01	1.485546987500000100e+03	3.733700000000000000e-03
5.300000000000000000e+01	2.477243183999999900e+01	1.261421062499999800e+03	4.749399999999999800e-04
5.300000000000000000e+01	2.477243183999999900e+01	1.283098125000000000e+03	5.924399999999999600e-04
5.300000000000000000e+01	2.477243183999999900e+01	1.304474812499999900e+03	9.003800000000000000e-04
5.300000000000000000e+01	2.477243183999999900e+01	1.481836237499999900e+03	3.729999999999999800e-03
5.300000000000000000e+01	2.477243183999999900e+01	1.493560875000000100e+03	3.312200000000000000e-03
5.400000000000000000e+01	2.571467184000000100e+01	1.285896862500000000e+03	5.058200000000000300e-04
5.400000000000000000e+01	2.571467184000000100e+01	1.317097812499999900e+03	9.124200000000000500e-04
5.400000000000000000e+01	2.571467184000000100e+01	1.506650574999999900e+03	4.362000000000000400e-03
5.500000000000000000e+01	2.665691183999999900e+01	1.276990500000000100e+03	5.185100000000000200e-04
5.500000000000000000e+01	2.665691183999999900e+01	1.294222012499999900e+03	5.174300000000000400e-04
5.500000000000000000e+01	2.665691183999999900e+01	1.328244487499999900e+03	1.189800000000000000e-03
5.500000000000000000e+01	2.665691183999999900e+01	1.509520800000000000e+03	5.717100000000000100e-03
5.600000000000000000e+01	2.759915184000000100e+01	1.294196475000000000e+03	5.871200000000000000e-04
5.600000000000000000e+01	2.759915184000000100e+01	1.337052837500000100e+03	1.106999999999999900e-03
5.600000000000000000e+01	2.759915184000000100e+01	1.527274762500000000e+03	5.809400000000000200e-03
5.700000000000000000e+01	2.854139183999999900e+01	1.303123125000000100e+03	7.048300000000000400e-04
5.700000000000000000e+01	2.854139183999999900e+01	1.347969112499999900e+03	8.835400000000000400e-04
5.700000000000000000e+01	2.854139183999999900e+01	1.538396850000000100e+03	5.332100000000000200e-03
5.800000000000000000e+01	2.948363184000000100e+01	1.308608437500000000e+03	5.999799999999999600e-04
5.800000000000000000e+01	2.948363184000000100e+01	1.355549687499999900e+03	8.723300000000000500e-04
5.800000000000000000e+01	2.948363184000000100e+01	1.547619299999999800e+03	5.201400000000000100e-03
5.800000000000000000e+01	2.948363184000000100e+01	1.308608437500000000e+03	5.999799999999999600e-04
5.800000000000000000e+01	2.948363184000000100e+01	1.355549687499999900e+03	8.723300000000000500e-04
5.800000000000000000e+01	2.948363184000000100e+01	1.547619299999999800e+03	5.201400000000000100e-03
5.900000000000000000e+01	3.042587183999999600e+01	1.324079287500000000e+03	9.768599999999999700e-04
5.900000000000000000e+01	3.042587183999999600e+01	1.378607362500000100e+03	1.859200000000000100e-03
5.900000000000000000e+01	3.042587183999999600e+01	1.570006312499999900e+03	9.948099999999999700e-03
6.000000000000000000e+01	3.136811183999999700e+01	1.333307524999999900e+03	1.018800000000000000e-03
6.000000000000000000e+01	3.136811183999999700e+01	1.387839274999999800e+03	1.934000000000000000e-03
6.000000000000000000e+01	3.136811183999999700e+01	1.582186037500000100e+03	9.819899999999999500e-03
6.100000000000000000e+01	3.231035183999999600e+01	1.354637437500000000e+03	5.159799999999999800e-04
6.100000000000000000e+01	3.231035183999999600e+01	1.412089162499999900e+03	7.939699999999999600e-04
6.100000000000000000e+01	3.231035183999999600e+01	1.612929900000000100e+03	3.512800000000000000e-03
6.200000000000000000e+01	3.325259183999999400e+01	1.364468525000000000e+03	5.444399999999999800e-04
6.200000000000000000e+01	3.325259183999999400e+01	1.426391025000000100e+03	1.442399999999999900e-03
6.200000000000000000e+01	3.325259183999999400e+01	1.622385725000000100e+03	5.066099999999999600e-03
6.300000000000000000e+01	3.419483183999999900e+01	1.442737425000000000e+03	6.735000000000000500e-04
6.300000000000000000e+01	3.419483183999999900e+01	1.628649524999999800e+03	2.284800000000000000e-03
6.300000000000000000e+01	3.419483183999999900e+01	1.647122587500000000e+03	2.644099999999999900e-03
6.400000000000000000e+01	3.513707183999999700e+01	1.455714324999999900e+03	4.690900000000000200e-04
6.400000000000000000e+01	3.513707183999999700e+01	1.656642850000000000e+03	2.050699999999999900e-03
6.400000000000000000e+01	3.513707183999999700e+01	1.676707737499999900e+03	2.127599999999999900e-03
6.500000000000000000e+01	3.607931183999999500e+01	1.468990200000000200e+03	4.405200000000000200e-04
6.500000000000000000e+01	3.607931183999999500e+01	1.670591887500000000e+03	1.699299999999999900e-03
6.500000000000000000e+01	3.607931183999999500e+01	1.690887224999999900e+03	1.772100000000000000e-03
6.600000000000000000e+01	3.702155183999999400e+01	1.425132600000000100e+03	4.428600000000000000e-04
6.600000000000000000e+01	3.702155183999999400e+01	1.510635587499999900e+03	6.421600000000000200e-04
6.600000000000000000e+01	3.702155183999999400e+01	1.694275750000000000e+03	1.318600000000000100e-03
6.600000000000000000e+01	3.702155183999999400e+01	1.715788825000000100e+03	1.310699999999999900e-03
6.700000000000000000e+01	3.796379183999999900e+01	1.439193000000000000e+03	5.636099999999999800e-04
6.700000000000000000e+01	3.796379183999999900e+01	1.531137787500000100e+03	5.586500000000000500e-04
6.700000000000000000e+01	3.796379183999999900e+01	1.710591825000000000e+03	1.233699999999999900e-03
6.700000000000000000e+01	3.796379183999999900e+01	1.733910937500000000e+03	1.052900000000000100e-03
6.800000000000000000e+01	3.890603183999999700e+01	1.461497087499999900e+03	7.897899999999999600e-04
6.800000000000000000e+01	3.890603183999999700e+01	1.560832762499999900e+03	5.234699999999999500e-04
6.800000000000000000e+01	3.890603183999999700e+01	1.741886162500000000e+03	1.206000000000000000e-03
6.800000000000000000e+01	3.890603183999999700e+01	1.764118337499999800e+03	1.286199999999999900e-03
6.900000000000000000e+01	3.984827183999999500e+01	1.455223012500000100e+03	3.477500000000000200e-04
6.900000000000000000e+01	3.984827183999999500e+01	1.478822474999999900e+03	9.144399999999999800e-04
6.900000000000000000e+01	3.984827183999999500e+01	1.559242874999999900e+03	3.497700000000000100e-04
6.900000000000000000e+01	3.984827183999999500e+01	1.583583262499999800e+03	5.534799999999999700e-04
6.900000000000000000e+01	3.984827183999999500e+01	1.764999749999999900e+03	1.285799999999999900e-03
6.900000000000000000e+01	3.984827183999999500e+01	1.784854537500000100e+03	1.109100000000000000e-03
7.000000000000000000e+01	4.079051183999999400e+01	1.480623150000000100e+03	8.746599999999999800e-04
7.000000000000000000e+01	4.079051183999999400e+01	1.503524487500000100e+03	1.479300000000000000e-03
7.000000000000000000e+01	4.079051183999999400e+01	1.778190725000000200e+03	1.322500000000000100e-03
7.000000000000000000e+01	4.079051183999999400e+01	1.829426600000000000e+03	1.414099999999999900e-03
7.100000000000000000e+01	4.173275183999999900e+01	1.504494524999999800e+03	4.863600000000000300e-04
7.100000000000000000e+01	4.173275183999999900e+01	1.525630912500000000e+03	1.146900000000000000e-03
7.100000000000000000e+01	4.173275183999999900e+01	1.649115074999999900e+03	7.308399999999999600e-04
7.100000000000000000e+01	4.173275183999999900e+01	1.842776850000000000e+03	1.416699999999999900e-03
7.200000000000000000e+01	4.267499183999999700e+01	1.522570650000000100e+03	5.016400000000000300e-04
7.200000000000000000e+01	4.267499183999999700e+01	1.545202325000000200e+03	1.257200000000000000e-03
7.200000000000000000e+01	4.267499183999999700e+01	1.679154675000000000e+03	6.980400000000000300e-04
7.200000000000000000e+01	4.267499183999999700e+01	1.873301687500000100e+03	1.556799999999999900e-03
7.300000000000000000e+01	4.361723183999999500e+01	1.551383062500000100e+03	7.892799999999999500e-04
7.300000000000000000e+01	4.361723183999999500e+01	1.566892425000000000e+03	1.140200000000000100e-03
7.300000000000000000e+01	4.361723183999999500e+01	1.715207587500000000e+03	8.352000000000000300e-04
7.300000000000000000e+01	4.361723183999999500e+01	1.902931949999999900e+03	1.679300000000000100e-03
7.400000000000000000e+01	4.455947183999999300e+01	1.594071162499999900e+03	1.344700000000000100e-03
7.400000000000000000e+01	4.455947183999999300e+01	1.758245687500000000e+03	7.110099999999999800e-04
7.400000000000000000e+01	4.455947183999999300e+01	1.930320324999999900e+03	1.623799999999999900e-03
7.400000000000000000e+01	4.455947183999999300e+01	1.946080600000000000e+03	1.601999999999999900e-03
7.500000000000000000e+01	4.550171183999999900e+01	1.624414237500000100e+03	1.243299999999999900e-03
7.500000000000000000e+01	4.550171183999999900e+01	1.814681775000000000e+03	5.366900000000000400e-04
7.500000000000000000e+01	4.550171183999999900e+01	1.969905562500000100e+03	1.434900000000000000e-03
7.500000000000000000e+01	4.550171183999999900e+01	1.987938075000000000e+03	1.477100000000000100e-03
7.600000000000000000e+01	4.644395183999999700e+01	1.646635375000000100e+03	1.100800000000000100e-03
7.600000000000000000e+01	4.644395183999999700e+01	1.816492787500000100e+03	3.887300000000000000e-04
7.600000000000000000e+01	4.644395183999999700e+01	1.841082012500000000e+03	5.050599999999999900e-04
7.600000000000000000e+01	4.644395183999999700e+01	1.994829587499999900e+03	1.311799999999999900e-03
7.600000000000000000e+01	4.644395183999999700e+01	2.015793349999999900e+03	1.304199999999999900e-03
7.700000000000000000e+01	4.738619183999999500e+01	1.654962375000000100e+03	8.642100000000000200e-04
7.700000000000000000e+01	4.738619183999999500e+01	1.871102212500000000e+03	4.832999999999999800e-04
7.700000000000000000e+01	4.738619183999999500e+01	2.016483712500000100e+03	1.119100000000000000e-03
7.700000000000000000e+01	4.738619183999999500e+01	2.036118224999999900e+03	1.314200000000000000e-03
7.800000000000000000e+01	4.832843183999999300e+01	1.685167150000000000e+03	8.347499999999999900e-04
7.800000000000000000e+01	4.832843183999999300e+01	1.936602462500000000e+03	3.272199999999999700e-04
7.800000000000000000e+01	4.832843183999999300e+01	2.065171550000000000e+03	1.439600000000000100e-03
7.800000000000000000e+01	4.832843183999999300e+01	2.091738300000000000e+03	1.465100000000000000e-03
7.900000000000000000e+01	4.927067183999999900e+01	2.003016900000000100e+03	5.098400000000000100e-04
7.900000000000000000e+01	4.927067183999999900e+01	2.106726374999999700e+03	1.051400000000000100e-03
7.900000000000000000e+01	4.927067183999999900e+01	2.131066762499999600e+03	1.419399999999999900e-03
8.000000000000000000e+01	5.021291183999999700e+01	1.758465412500000200e+03	4.268499999999999900e-04
8.000000000000000000e+01	5.021291183999999700e+01	2.147678287499999900e+03	9.885199999999998900e-04
8.000000000000000000e+01	5.021291183999999700e+01	2.179957887500000200e+03	1.084399999999999900e-03
8.000000000000000000e+01	5.021291183999999700e+01	2.034869475000000000e+03	3.147299999999999900e-04
8.100000000000000000e+01	5.115515183999999500e+01	2.193204337499999800e+03	1.726600000000000000e-03
8.100000000000000000e+01	5.115515183999999500e+01	2.228147962499999700e+03	2.205100000000000200e-03
8.200000000000000000e+01	5.209739183999999300e+01	1.839593875000000000e+03	9.657599999999999700e-04
8.200000000000000000e+01	5.209739183999999300e+01	2.232921599999999700e+03	3.845699999999999900e-04
8.200000000000000000e+01	5.209739183999999300e+01	2.275458362500000000e+03	9.260899999999999600e-04
8.300000000000000000e+01	5.303963183999999800e+01	1.859707987500000200e+03	4.772500000000000300e-04
8.300000000000000000e+01	5.303963183999999800e+01	1.895893162500000000e+03	5.852400000000000000e-04
8.300000000000000000e+01	5.303963183999999800e+01	2.292788662499999600e+03	4.783899999999999800e-04
8.400000000000000000e+01	5.398187183999999700e+01	1.898829737500000000e+03	5.666300000000000400e-04
8.400000000000000000e+01	5.398187183999999700e+01	1.937231675000000000e+03	7.548000000000000200e-04
8.400000000000000000e+01	5.398187183999999700e+01	2.354809050000000300e+03	4.148600000000000200e-04
8.400000000000000000e+01	5.398187183999999700e+01	2.399263412500000000e+03	1.141600000000000000e-03
8.500000000000000000e+01	5.492411183999999500e+01	1.941830512500000200e+03	5.848599999999999800e-04
8.500000000000000000e+01	5.492411183999999500e+01	1.978276012500000000e+03	7.584900000000000100e-04
8.500000000000000000e+01	5.492411183999999500e+01	2.406740924999999600e+03	4.637800000000000100e-04
8.500000000000000000e+01	5.492411183999999500e+01	2.457444225000000200e+03	8.262599999999999900e-04
8.600000000000000000e+01	5.586635183999999300e+01	1.984852075000000000e+03	8.484000000000000200e-04
8.600000000000000000e+01	5.586635183999999300e+01	2.028177850000000000e+03	1.025300000000000000e-03
8.600000000000000000e+01	5.586635183999999300e+01	2.493435550000000100e+03	2.933999999999999800e-04
8.700000000000000000e+01	5.680859183999999800e+01	2.022751537500000000e+03	7.113799999999999600e-04
8.700000000000000000e+01	5.680859183999999800e+01	2.063662612500000300e+03	1.005400000000000000e-03
8.800000000000000000e+01	5.775083183999999600e+01	2.098849400000000100e+03	5.870600000000000300e-04
8.800000000000000000e+01	5.775083183999999600e+01	2.145570925000000400e+03	9.668100000000000200e-04
8.900000000000000000e+01	5.869307183999999500e+01	2.156198137500000000e+03	3.496099999999999800e-04
8.900000000000000000e+01	5.869307183999999500e+01	2.206170525000000000e+03	6.025200000000000500e-04
9.000000000000000000e+01	5.963531183999999300e+01	2.206714399999999800e+03	2.871600000000000100e-04
9.000000000000000000e+01	5.963531183999999300e+01	2.258110075000000100e+03	3.524800000000000100e-04
9.100000000000000000e+01	6.057755183999999800e+01	2.284978912500000200e+03	3.661100000000000000e-04
9.100000000000000000e+01	6.057755183999999800e+01	2.340738525000000200e+03	5.234900000000000400e-04
9.200000000000000000e+01	6.151979183999999600e+01	2.351912675000000000e+03	2.233200000000000000e-04
9.200000000000000000e+01	6.151979183999999600e+01	2.415922562499999900e+03	3.076900000000000000e-04
9.300000000000000000e+01	6.246203183999999500e+01	2.516838374999999800e+03	4.466300000000000000e-04
8.600000000000000000e+01	5.586635183999999300e+01	2.556117100000000400e+03	4.624000000000000200e-04
8.700000000000000000e+01	5.680859183999999800e+01	2.557058587499999700e+03	3.799799999999999800e-04
8.700000000000000000e+01	5.680859183999999800e+01	2.649263700000000000e+03	8.292199999999999800e-04
8.800000000000000000e+01	5.775083183999999600e+01	2.807152912500000200e+03	2.433400000000000100e-04
8.900000000000000000e+01	5.869307183999999500e+01	2.926079287499999700e+03	3.458900000000000100e-04
9.000000000000000000e+01	5.963531183999999300e+01	3.010208775000000100e+03	2.726699999999999800e-04
9.100000000000000000e+01	6.057755183999999800e+01	3.179135212499999900e+03	3.802799999999999800e-04
9.200000000000000000e+01	6.151979183999999600e+01	3.303371862500000100e+03	2.455199999999999900e-04
9.300000000000000000e+01	6.246203183999999500e+01	2.522695687500000100e+03	8.068599999999999600e-04
9.300000000000000000e+01	6.246203183999999500e+01	3.447870712500000100e+03	3.182099999999999800e-04
9.400000000000000000e+01	6.340427183999999300e+01	2.523867462500000300e+03	2.889300000000000100e-04
9.400000000000000000e+01	6.340427183999999300e+01	2.607103287500000100e+03	7.683600000000000500e-04
9.400000000000000000e+01	6.340427183999999300e+01	3.589963174999999900e+03	2.660399999999999900e-04
9.500000000000000000e+01	6.434651183999999100e+01	2.640462712500000200e+03	2.411700000000000000e-04
9.500000000000000000e+01	6.434651183999999100e+01	2.713003275000000000e+03	5.986000000000000200e-04
9.500000000000000000e+01	6.434651183999999100e+01	3.710118112499999800e+03	2.200700000000000000e-04
9.600000000000000000e+01	6.528875183999998900e+01	3.813603274999999900e+03	3.318400000000000200e-04
9.600000000000000000e+01	6.528875183999998900e+01	2.701624987500000300e+03	2.632900000000000100e-04
9.600000000000000000e+01	6.528875183999998900e+01	2.800361412499999900e+03	5.830500000000000000e-04
9.700000000000000000e+01	6.623099184000000200e+01	2.818995600000000200e+03	2.523000000000000100e-04
9.700000000000000000e+01	6.623099184000000200e+01	2.888892862499999900e+03	2.736400000000000200e-04
9.700000000000000000e+01	6.623099184000000200e+01	2.924036737500000100e+03	3.485000000000000100e-04
9.700000000000000000e+01	6.623099184000000200e+01	3.939414374999999800e+03	2.683799999999999700e-04
9.800000000000000000e+01	6.717323184000000000e+01	2.961080262500000100e+03	2.992399999999999900e-04
9.800000000000000000e+01	6.717323184000000000e+01	2.997085200000000000e+03	3.258299999999999900e-04
9.800000000000000000e+01	6.717323184000000000e+01	2.880860662499999800e+03	2.372700000000000100e-04
9.800000000000000000e+01	6.717323184000000000e+01	2.984690712499999800e+03	8.010800000000000200e-04
9.800000000000000000e+01	6.717323184000000000e+01	4.009258400000000200e+03	2.166700000000000000e-04
9.900000000000000000e+01	6.811547183999999800e+01	3.113092762499999900e+03	2.932799999999999800e-04
9.900000000000000000e+01	6.811547183999999800e+01	3.185733450000000200e+03	3.497800000000000000e-04
1.000000000000000000e+02	6.905771183999999600e+01	3.197214724999999800e+03	3.014200000000000000e-04
1.000000000000000000e+02	6.905771183999999600e+01	3.253574187499999900e+03	2.873700000000000100e-04
1.000000000000000000e+02	6.905771183999999600e+01	3.331816262500000000e+03	4.078700000000000100e-04
1.000000000000000000e+02	6.905771183999999600e+01	4.295989537499999600e+03	2.252400000000000100e-04
1.010000000000000000e+02	6.999995183999999400e+01	3.406669275000000200e+03	3.081100000000000000e-04
1.010000000000000000e+02	6.999995183999999400e+01	3.544100849999999800e+03	2.144799999999999900e-04
1.010000000000000000e+02	6.999995183999999400e+01	4.418662687499999300e+03	2.374099999999999900e-04
1.020000000000000000e+02	7.094219183999999200e+01	3.630991825000000100e+03	2.528400000000000000e-04
1.030000000000000000e+02	7.188443183999999100e+01	4.701015187499999200e+03	2.551300000000000100e-04
1.040000000000000000e+02	7.282667183999998900e+01	4.881476762500000400e+03	7.242800000000000000e-04
