T	B00KOD1A Rho_mr	Err
1.506199999999999983e+00	4.780182701129067485e-02	2.179772963267532365e-02
2.506199999999999761e+00	5.172126631342986725e-02	2.358500186809704691e-02
3.506199999999999761e+00	5.256015079738406148e-02	2.396753488655177858e-02
4.506199999999998873e+00	5.307278836815144257e-02	2.420129865387596682e-02
5.506199999999998873e+00	5.326581595542968089e-02	2.428931962341223175e-02
6.506199999999998873e+00	5.349595714374035665e-02	2.439426446995447695e-02
7.506199999999997985e+00	5.371888647782148418e-02	2.449592069640676648e-02
8.506199999999997985e+00	5.392575264029111221e-02	2.459025208417144406e-02
9.506199999999997985e+00	5.410917768913454245e-02	2.467389427679317696e-02
1.050619999999999798e+01	5.428220581878728801e-02	2.475279545327179961e-02
1.150619999999999798e+01	5.446726053176886156e-02	2.483718077603094820e-02
1.250619999999999798e+01	5.468371015369389437e-02	2.493588224065701811e-02
1.350619999999999621e+01	5.498493914754767203e-02	2.507324327005860595e-02
1.450619999999999621e+01	5.532106691357046441e-02	2.522651821003253636e-02
1.550619999999999621e+01	5.559557233870091042e-02	2.535169323813936740e-02
1.650619999999999621e+01	5.586082586976318098e-02	2.547264938387083094e-02
1.750619999999999621e+01	5.617042531944079625e-02	2.561382735802867835e-02
1.850619999999999621e+01	5.649157932889319750e-02	2.576027423477335321e-02
1.950619999999999621e+01	5.675293321628904764e-02	2.587945213511925330e-02
2.050619999999999621e+01	5.699758781729264562e-02	2.599101512715315532e-02
2.150619999999999621e+01	5.723477900255843909e-02	2.609917478654140768e-02
2.250619999999999621e+01	5.747717461045257631e-02	2.620970767315631764e-02
2.350619999999999621e+01	5.772167116783482460e-02	2.632119859697977515e-02
2.450619999999999621e+01	5.796645923511797860e-02	2.643282244990663096e-02
2.550619999999999266e+01	5.821309623132933653e-02	2.654528941815788301e-02
2.650619999999999266e+01	5.846757480174920307e-02	2.666133216008093748e-02
2.750619999999999266e+01	5.872590419599443140e-02	2.677913088544347023e-02
2.850619999999999266e+01	5.897775512380096230e-02	2.689397541702943928e-02
2.950619999999999266e+01	5.925575450859285609e-02	2.702074369779645935e-02
3.050619999999999266e+01	5.945593039020294346e-02	2.711202430398100202e-02
3.150619999999999266e+01	5.975115762156948951e-02	2.724664851757039805e-02
3.250619999999999266e+01	6.003984016529430312e-02	2.737828834038093587e-02
3.350619999999999266e+01	6.031109927537986470e-02	2.750198304227273807e-02
3.450619999999999266e+01	6.057800875564246096e-02	2.762369430418303712e-02
3.550619999999999266e+01	6.085601550149155603e-02	2.775046594160699917e-02
3.650619999999999266e+01	6.114929863518484693e-02	2.788420364273210342e-02
3.750619999999999266e+01	6.142979915149746756e-02	2.801211244452255986e-02
3.850619999999999266e+01	6.171166917834564752e-02	2.814064574588236167e-02
3.950619999999999266e+01	6.200169164681842982e-02	2.827289657708338677e-02
4.050619999999999266e+01	6.230881262431604145e-02	2.841294436292293030e-02
4.150619999999999266e+01	6.259628266979903877e-02	2.854403128408707080e-02
4.250619999999999266e+01	6.288631058828533793e-02	2.867628460050527031e-02
4.350619999999999266e+01	6.316351038610362734e-02	2.880268826799789808e-02
4.450619999999999266e+01	6.347842185512282687e-02	2.894628853370087226e-02
4.550619999999999266e+01	6.378259316420210878e-02	2.908499126478604480e-02
4.650619999999999266e+01	6.408382243488197627e-02	2.922235242042089259e-02
4.750619999999999266e+01	6.440065569977315718e-02	2.936682902892174749e-02
4.850619999999999266e+01	6.470752197997313437e-02	2.950676067227931201e-02
4.950619999999998555e+01	6.501771930842512037e-02	2.964821128036543296e-02
5.050619999999998555e+01	6.531045043360805824e-02	2.978169726449527224e-02
5.150619999999998555e+01	6.561775826399278422e-02	2.992183025562860504e-02
5.250619999999998555e+01	6.593679214524467147e-02	3.006731034963314522e-02
5.350619999999998555e+01	6.626332062082045116e-02	3.021620799378155198e-02
5.450619999999998555e+01	6.660716923930345978e-02	3.037300365806632971e-02
5.550619999999998555e+01	6.692652648802308035e-02	3.051863120828906054e-02
5.650619999999998555e+01	6.724128194352448074e-02	3.066216033151292555e-02
5.750619999999998555e+01	6.756006776658607382e-02	3.080752731048185672e-02
5.850619999999998555e+01	6.790038673273532388e-02	3.096271344617579704e-02
5.950619999999998555e+01	6.824454250838951630e-02	3.111964917475081721e-02
6.050619999999998555e+01	6.857116517137810952e-02	3.126858976854963307e-02
6.150619999999998555e+01	6.889959053114026732e-02	3.141835239571697663e-02
6.250619999999998555e+01	6.924407210979936778e-02	3.157543669112004153e-02
6.350619999999998555e+01	6.960106667989646168e-02	3.173822693588353172e-02
6.450619999999999266e+01	6.994177397448025912e-02	3.189359015012770138e-02
6.550619999999999266e+01	7.026675576417316937e-02	3.204178250239063386e-02
6.650619999999999266e+01	7.060209090259135511e-02	3.219469600257649639e-02
6.750619999999999266e+01	7.094958687772900952e-02	3.235315486886008313e-02
6.850619999999999266e+01	7.130187263616097337e-02	3.251379788599681464e-02
6.950619999999999266e+01	7.165823811898533457e-02	3.267630126569374960e-02
7.050619999999999266e+01	7.199681787203481009e-02	3.283069431670260219e-02
7.150619999999999266e+01	7.234359257681423350e-02	3.298882428224654551e-02
7.250619999999999266e+01	7.269298702522639100e-02	3.314814885617647228e-02
7.350619999999999266e+01	7.305035959268846302e-02	3.331111146850158217e-02
7.450619999999999266e+01	7.340876688414246787e-02	3.347454591705621013e-02
7.550619999999999266e+01	7.375676799767433289e-02	3.363323512746747845e-02
7.650619999999999266e+01	7.411435283018608100e-02	3.379629453308382464e-02
7.750619999999999266e+01	7.447029248528888590e-02	3.395860373447995295e-02
7.850619999999999266e+01	7.482954865527434440e-02	3.412242527335886816e-02
7.950619999999999266e+01	7.519821954191620306e-02	3.429053994204214750e-02
8.050619999999999266e+01	7.554744992296222317e-02	3.444978970092184983e-02
8.150619999999999266e+01	7.597050680177046267e-02	3.464270449184243816e-02
8.250619999999999266e+01	7.627542960715587295e-02	3.478174990676053541e-02
8.350619999999999266e+01	7.664853644145358524e-02	3.495188737653138339e-02
8.450619999999999266e+01	7.702178988111450797e-02	3.512209169864386610e-02
8.550619999999999266e+01	7.739532199813245472e-02	3.529242309819382445e-02
8.650619999999999266e+01	7.775901375243952918e-02	3.545826727247918669e-02
8.750619999999999266e+01	7.813050286701540836e-02	3.562766705879057832e-02
8.850619999999999266e+01	7.850932746619201930e-02	3.580041184089081258e-02
8.950619999999999266e+01	7.888335008442511065e-02	3.597096690998521917e-02
9.050619999999999266e+01	7.924482113989750331e-02	3.613579844111822204e-02
9.150619999999999266e+01	7.961016751830359006e-02	3.630239712733351887e-02
9.250619999999999266e+01	7.998928392219470385e-02	3.647527497297275295e-02
9.350619999999999266e+01	8.037848014386703155e-02	3.665274923587212574e-02
9.450619999999999266e+01	8.076402475675463488e-02	3.682855835779279274e-02
9.550619999999999266e+01	8.114574768326658638e-02	3.700262478300987701e-02
9.650619999999999266e+01	8.154045581559225819e-02	3.718261248829615034e-02
9.750619999999997844e+01	8.192295745148281405e-02	3.735703400656215090e-02
9.850619999999997844e+01	8.232182092847639687e-02	3.753891655740693861e-02
9.950619999999997844e+01	8.270374385802164996e-02	3.771307418441103426e-02
1.005061999999999784e+02	8.307165028943640228e-02	3.788084025996725501e-02
1.015061999999999784e+02	8.343987761764612432e-02	3.804875266510988896e-02
1.025061999999999784e+02	8.381144297012511901e-02	3.821818721605903246e-02
1.035061999999999784e+02	8.419104053573313318e-02	3.839128447241265535e-02
1.045061999999999784e+02	8.458476963419532535e-02	3.857082573628043548e-02
1.055061999999999784e+02	8.498234957866447614e-02	3.875212299370253688e-02
1.065061999999999784e+02	8.538674542491891950e-02	3.893652831610055348e-02
1.075061999999999784e+02	8.580502657911640019e-02	3.912726536695608492e-02
1.085061999999999784e+02	8.623153529284950658e-02	3.932175420157194706e-02
1.095061999999999784e+02	8.664584567856148389e-02	3.951068057398079980e-02
1.105061999999999784e+02	8.703676793622411312e-02	3.968894191277674843e-02
1.115061999999999784e+02	8.741513185354522764e-02	3.986147662302071820e-02
1.125061999999999784e+02	8.780243915917561315e-02	4.003808953639110407e-02
1.135061999999999784e+02	8.819962990498260436e-02	4.021920931843743496e-02
1.145061999999999784e+02	8.859952291840696159e-02	4.040156133997337834e-02
1.155061999999999784e+02	8.901470395320294771e-02	4.059088473012244236e-02
1.165061999999999784e+02	8.943592559042770618e-02	4.078296264717549274e-02
1.175061999999999784e+02	8.986327947548522488e-02	4.097783688162172366e-02
1.185061999999999784e+02	9.029940858765415912e-02	4.117671263734862253e-02
1.195061999999999784e+02	9.072619029449335848e-02	4.137132595737205015e-02
1.205061999999999784e+02	9.113620705176644909e-02	4.155829442654362937e-02
1.215061999999999784e+02	9.153539292733650634e-02	4.174032399179022912e-02
1.225061999999999784e+02	9.193325190628603982e-02	4.192174848949877658e-02
1.235061999999999784e+02	9.235133401277027809e-02	4.211239477419519844e-02
1.245061999999999784e+02	9.277147270281077551e-02	4.230397886514564165e-02
1.255061999999999784e+02	9.319410733134222968e-02	4.249670110908747300e-02
1.265061999999999784e+02	9.362593286264227210e-02	4.269361442324889899e-02
1.275061999999999784e+02	9.407118933889568879e-02	4.289665227542716758e-02
1.285061999999999784e+02	9.452517950060276841e-02	4.310367270580629101e-02
1.295061999999999784e+02	9.496495925673602290e-02	4.330421316255184117e-02
1.305061999999999784e+02	9.538297529228732807e-02	4.349482931876944014e-02
1.315061999999999784e+02	9.579532331379728149e-02	4.368286084914000528e-02
1.325061999999999784e+02	9.621598587590483864e-02	4.387468382681077722e-02
1.335061999999999784e+02	9.664879542810408952e-02	4.407204585648907130e-02
1.345061999999999784e+02	9.708488370842580095e-02	4.427090299281119523e-02
1.355061999999999784e+02	9.752264623289513823e-02	4.447052358784506915e-02
1.365061999999999784e+02	9.796304220388825368e-02	4.467134503981089882e-02
1.375061999999999784e+02	9.841595811358933021e-02	4.487787560910629775e-02
1.385061999999999784e+02	9.888071849570971572e-02	4.508980728173975910e-02
1.395061999999999784e+02	9.933920113304739452e-02	4.529887629007707528e-02
1.405061999999999784e+02	9.977298960245435666e-02	4.549668470797860881e-02
1.415061999999999784e+02	1.002000423922764921e-01	4.569142164238957499e-02
1.425061999999999784e+02	1.006369699746773594e-01	4.589066150215440759e-02
1.435061999999999784e+02	1.010787662358061251e-01	4.609212148924939773e-02
1.445061999999999784e+02	1.015223065012552939e-01	4.629437674583578716e-02
1.455061999999999784e+02	1.019760659053536439e-01	4.650129195027939699e-02
1.465061999999999784e+02	1.024353472631315681e-01	4.671072517675014385e-02
1.475061999999999784e+02	1.028968304263640221e-01	4.692116243095378197e-02
1.485061999999999784e+02	1.033793944095122708e-01	4.714121258160278854e-02
1.495061999999999784e+02	1.038552937807657311e-01	4.735822365577141424e-02
1.505061999999999784e+02	1.043070406607480571e-01	4.756422114515466981e-02
1.515061999999999784e+02	1.047427987521094145e-01	4.776292771464422243e-02
1.525061999999999784e+02	1.051862052444999529e-01	4.796512197044575793e-02
1.535061999999999784e+02	1.056452227584358528e-01	4.817443488359181986e-02
1.545061999999999784e+02	1.060946450891812748e-01	4.837937237382962385e-02
1.555061999999999784e+02	1.065545314458492820e-01	4.858908148101578894e-02
1.565061999999999784e+02	1.070413898403495684e-01	4.881108989191207392e-02
1.575061999999999784e+02	1.075240612027382053e-01	4.903118900771150090e-02
1.585061999999999784e+02	1.080067325651268978e-01	4.925128812351095564e-02
1.595061999999999784e+02	1.084925467686346096e-01	4.947282038120631720e-02
1.605061999999999784e+02	1.089601975635097336e-01	4.968607008789194257e-02
1.615061999999999784e+02	1.094103884969498119e-01	4.989135806251036864e-02
1.625061999999999784e+02	1.098632548915631779e-01	5.009786605282576938e-02
1.635061999999999784e+02	1.103293340145606316e-01	5.031039907396184230e-02
1.645061999999999784e+02	1.108080821570853886e-01	5.052870919358206508e-02
1.655061999999999784e+02	1.112882330856938967e-01	5.074765898648880835e-02
1.665061999999999784e+02	1.117748861173666480e-01	5.096957375152109948e-02
1.675061999999999784e+02	1.122611789742341132e-01	5.119132427611493980e-02
1.685061999999999784e+02	1.127499930547385953e-01	5.141422448377781784e-02
1.695061999999999784e+02	1.132446647149715629e-01	5.163979575962378971e-02
1.705061999999999784e+02	1.137186737153212251e-01	5.185594482084347756e-02
1.715061999999999784e+02	1.141853335986506846e-01	5.206874266986352695e-02
1.725061999999999784e+02	1.146649942414597056e-01	5.228746889145578086e-02
1.735061999999999784e+02	1.151367983712992399e-01	5.250261252727106420e-02
1.745061999999999784e+02	1.156230316503792793e-01	5.272433588427356127e-02
1.755061999999999784e+02	1.161207225750088695e-01	5.295128395078050471e-02
1.765061999999999784e+02	1.166113625177441632e-01	5.317501675530717647e-02
1.775061999999999784e+02	1.171170556993517964e-01	5.340561386715327735e-02
1.785061999999999784e+02	1.176243912091387428e-01	5.363695988396513514e-02
1.795061999999999784e+02	1.181245042662508737e-01	5.386501244777459202e-02
1.805061999999999784e+02	1.186148827970831265e-01	5.408862604794566209e-02
1.815061999999999784e+02	1.190980135177525934e-01	5.430893463204863880e-02
1.825061999999999784e+02	1.195838640546836862e-01	5.453048345785843631e-02
1.835061999999999784e+02	1.200697561155271847e-01	5.475205121865611008e-02
1.845061999999999784e+02	1.205604234262956237e-01	5.497579650306116950e-02
1.855061999999999784e+02	1.210649550051762224e-01	5.520586392171837609e-02
1.865061999999999784e+02	1.215729840299505787e-01	5.543752618276474864e-02
1.875061999999999784e+02	1.220837309835359208e-01	5.567042782483663799e-02
1.885061999999999784e+02	1.226091717397559122e-01	5.591002987057782508e-02
1.895061999999999784e+02	1.231277223576949797e-01	5.614648999935122065e-02
1.905061999999999784e+02	1.236233320521357704e-01	5.637248902068989903e-02
1.915061999999999784e+02	1.241094296563455546e-01	5.659415050967762928e-02
1.925061999999999784e+02	1.246119323202432849e-01	5.682329273900611766e-02
1.935061999999999500e+02	1.251169191521997459e-01	5.705356775398509606e-02
1.945061999999999500e+02	1.256209426293888043e-01	5.728340347724506648e-02
1.955061999999999500e+02	1.261436664005230746e-01	5.752176657230137491e-02
1.965061999999999500e+02	1.266515993540636431e-01	5.775338502467117219e-02
1.975061999999999500e+02	1.271783837863397493e-01	5.799359978940692856e-02
1.985061999999999500e+02	1.277209729746520417e-01	5.824102155480621185e-02
1.995061999999999500e+02	1.282391446868904328e-01	5.847730890181503799e-02
2.005061999999999500e+02	1.287489825499120166e-01	5.870979599675432703e-02
2.015061999999999500e+02	1.292478848174217765e-01	5.893729643806042140e-02
2.025061999999999500e+02	1.297485586261622748e-01	5.916560470574460523e-02
2.035061999999999500e+02	1.302649583054394655e-01	5.940108400214524909e-02
2.045061999999999500e+02	1.307843227920613138e-01	5.963791525668125926e-02
2.055061999999999500e+02	1.313069354867300031e-01	5.987622770064497668e-02
2.065061999999999500e+02	1.318317063867451566e-01	6.011552429060427333e-02
2.075061999999999500e+02	1.323728138319927861e-01	6.036227037817432084e-02
2.085061999999999500e+02	1.329160410729680053e-01	6.060998309687615909e-02
2.095061999999999500e+02	1.334511233985276324e-01	6.085398171770328019e-02
2.105061999999999500e+02	1.339707862016780160e-01	6.109094900517859916e-02
2.115061999999999500e+02	1.344833169450548871e-01	6.132466405899703044e-02
2.125061999999999500e+02	1.350001847518075282e-01	6.156035682247167073e-02
2.135061999999999500e+02	1.355154232913660661e-01	6.179530663681619823e-02
2.145061999999999500e+02	1.360366511089197705e-01	6.203298757401931596e-02
2.155061999999999500e+02	1.365729565322462979e-01	6.227754392989769128e-02
2.165061999999999500e+02	1.371238874970678034e-01	6.252876956222783167e-02
2.175061999999999500e+02	1.376644037729310988e-01	6.277524607536499879e-02
2.185061999999999500e+02	1.382070231803202986e-01	6.302268162072434399e-02
2.195061999999999500e+02	1.387564487940441960e-01	6.327322080991458486e-02
2.205061999999999500e+02	1.392891503242323359e-01	6.351613378324529047e-02
2.215061999999999500e+02	1.398143556954992428e-01	6.375562849297261581e-02
2.225061999999999500e+02	1.403384672394949462e-01	6.399462441525577416e-02
2.235061999999999500e+02	1.408681945283968284e-01	6.423618112855473961e-02
2.245061999999999500e+02	1.413972843888189890e-01	6.447744717317993590e-02
2.255061999999999500e+02	1.419479078581419029e-01	6.472853258694187539e-02
2.265061999999999500e+02	1.424971544819487179e-01	6.497899015636851572e-02
2.275061999999999500e+02	1.430482598472022360e-01	6.523029531564779326e-02
2.285061999999999500e+02	1.436197585892921846e-01	6.549089989594025774e-02
2.295061999999999500e+02	1.441756987220784714e-01	6.574440971897625718e-02
2.305061999999999500e+02	1.447088069316365688e-01	6.598750813892079181e-02
2.315061999999999500e+02	1.452433200335638552e-01	6.623124719262228621e-02
2.325061999999999500e+02	1.457756046855261944e-01	6.647397006864032287e-02
2.335061999999999500e+02	1.463100693428891208e-01	6.671768703152262947e-02
2.345061999999999500e+02	1.468613646618295299e-01	6.696907881006666785e-02
2.355061999999999500e+02	1.474221627645452837e-01	6.722480387719909078e-02
2.365061999999999500e+02	1.479770225835441988e-01	6.747782107496681780e-02
2.375061999999999500e+02	1.485388341975425741e-01	6.773400830529047179e-02
2.385061999999999500e+02	1.491019053702168362e-01	6.799076989691348050e-02
2.395061999999999500e+02	1.496670354368804523e-01	6.824847034835268555e-02
2.405061999999999500e+02	1.502032697456861798e-01	6.849299427586598432e-02
2.415061999999999500e+02	1.507420929890098960e-01	6.873869876274675550e-02
2.425061999999999500e+02	1.512997625927472167e-01	6.899299722802834656e-02
2.435061999999999500e+02	1.518434545147989145e-01	6.924092184223928914e-02
2.445061999999999500e+02	1.523872946202241840e-01	6.948891402836776532e-02
2.455061999999999500e+02	1.529477013418533982e-01	6.974446062493450116e-02
2.465061999999999500e+02	1.535114022938655343e-01	7.000150939720717336e-02
2.475061999999999500e+02	1.540932686826917697e-01	7.026684164534445498e-02
2.485061999999999500e+02	1.546774387380436822e-01	7.053322437006874501e-02
2.495061999999999500e+02	1.552475828171284988e-01	7.079321122129569877e-02
2.505061999999999500e+02	1.557975483102772840e-01	7.104399659659371702e-02
2.515061999999999500e+02	1.563400362424181567e-01	7.129137218897439732e-02
2.525061999999999500e+02	1.568964662352414774e-01	7.154510538917634166e-02
2.535061999999999500e+02	1.574573018337501462e-01	7.180084755446602962e-02
2.545061999999999500e+02	1.580181759029422039e-01	7.205660726246504444e-02
2.555061999999999500e+02	1.585795173196974106e-01	7.231258008189646314e-02
2.565061999999999216e+02	1.591436158021061198e-01	7.256981012883259585e-02
2.575061999999999216e+02	1.597248536864514512e-01	7.283485577765759500e-02
2.585061999999999216e+02	1.603198460025314631e-01	7.310617347512482489e-02
2.595061999999999216e+02	1.609011717770153505e-01	7.337125920203049767e-02
2.605061999999999216e+02	1.614514820814758056e-01	7.362220181198282642e-02
2.615061999999999216e+02	1.620028182708306008e-01	7.387361222751835654e-02
2.625061999999999216e+02	1.625721829623637538e-01	7.413324367644810731e-02
2.635061999999999216e+02	1.631401399118473927e-01	7.439223319216096975e-02
2.645061999999999216e+02	1.637086924445058655e-01	7.465149429500406164e-02
2.655061999999999216e+02	1.642784617906363209e-01	7.491131026724721920e-02
2.665061999999999216e+02	1.648470670423795303e-01	7.517059541009940560e-02
2.675061999999999216e+02	1.654338033847906342e-01	7.543814836690419801e-02
2.685061999999999216e+02	1.660186746114701573e-01	7.570485082716958691e-02
2.695061999999999216e+02	1.666073729587417285e-01	7.597329846215218618e-02
2.705061999999999216e+02	1.671748939071453499e-01	7.623208916049223349e-02
2.715061999999999216e+02	1.677397162083406612e-01	7.648964927025649063e-02
2.725061999999999216e+02	1.683073682420362094e-01	7.674849974375431982e-02
2.735061999999999216e+02	1.688739003513888004e-01	7.700683952949055611e-02
2.745061999999999216e+02	1.694527886743580070e-01	7.727081377358410719e-02
2.755061999999999216e+02	1.700325732217697061e-01	7.753519669783294488e-02
2.765061999999999216e+02	1.706229645790832972e-01	7.780441634881304913e-02
2.775061999999999216e+02	1.712269867070065066e-01	7.807985165871265953e-02
2.785061999999999216e+02	1.718112638503429823e-01	7.834628321577412347e-02
2.795061999999999216e+02	1.723916832765203522e-01	7.861095564602199603e-02
2.805061999999999216e+02	1.729704696109327644e-01	7.887488338312773073e-02
2.815061999999999216e+02	1.735427949702751660e-01	7.913586490255630768e-02
2.825061999999999216e+02	1.741148513347990368e-01	7.939672375980454111e-02
2.835061999999999216e+02	1.746803447356961581e-01	7.965458989238782816e-02
2.845061999999999216e+02	1.752682485921105426e-01	7.992267523793541995e-02
2.855061999999999216e+02	1.758657880723954181e-01	8.019515444742300603e-02
2.865061999999999216e+02	1.764548909317801839e-01	8.046378654074594350e-02
2.875061999999999216e+02	1.770452353561454972e-01	8.073298479020686591e-02
2.885061999999999216e+02	1.776540108296332243e-01	8.101058763528128093e-02
2.895061999999999216e+02	1.782430756568890717e-01	8.127920238587665880e-02
2.905061999999999216e+02	1.788152798882637617e-01	8.154012867070739579e-02
2.915061999999999216e+02	1.793943694572299186e-01	8.180419468338190336e-02
2.925061999999999216e+02	1.799667440925651340e-01	8.206519867276272640e-02
2.935061999999999216e+02	1.805430594194018523e-01	8.232799962542473871e-02
2.945061999999999216e+02	1.811235686974976278e-01	8.259271302832883743e-02
2.955061999999999216e+02	1.817095391146397176e-01	8.285991672166452549e-02
2.965061999999999216e+02	1.823005263631754524e-01	8.312940810024503635e-02
2.975061999999999216e+02	1.828986967873309222e-01	8.340217502141154815e-02
2.985061999999999216e+02	1.835055733984390647e-01	8.367891198140692266e-02
2.995061999999999216e+02	1.841048434676264556e-01	8.395218034292824261e-02
3.005061999999999216e+02	1.846628377431079049e-01	8.420662685918069157e-02
3.015061999999999216e+02	1.852947217178763650e-01	8.449476722749696411e-02
3.025061999999999216e+02	1.855153562831574066e-01	8.459537703474309667e-02
