T	B07KOD2 Rho_mr
3.067200000000000149e+00	0.000000000000000000e+00
3.659259719438877845e+00	-7.039667412756095140e-05
4.251319438877755985e+00	-7.039667412756095140e-05
4.843379158316633237e+00	-7.039667412756095140e-05
5.435438877755510489e+00	0.000000000000000000e+00
6.027498597194388630e+00	-7.039667412756095140e-05
6.619558316633266770e+00	-7.039667412756095140e-05
7.211618036072144022e+00	1.916485165918529890e-03
7.803677755511021275e+00	4.493380871586276359e-02
8.395737474949898527e+00	1.174223657999316633e-01
8.987797194388777555e+00	2.080001082202762863e-01
9.579856913827654807e+00	2.787060977169471543e-01
1.017191663326653206e+01	3.481512929337860496e-01
1.076397635270540931e+01	4.116166234429562421e-01
1.135603607214428834e+01	4.430446917083772362e-01
1.194809579158316559e+01	4.704998627641552300e-01
1.254015551102204284e+01	5.407673337264974345e-01
1.313221523046092010e+01	7.449822143126901830e-01
1.372427494989979735e+01	9.295067657126115934e-01
1.431633466933867638e+01	9.670239019179814877e-01
1.490839438877755363e+01	9.838872584481445083e-01
1.550045410821643088e+01	9.959577856056728296e-01
1.609251382765530991e+01	1.008168183655940409e+00
1.668457354709418894e+01	1.034926208897973154e+00
1.727663326653306441e+01	1.048725144869450565e+00
1.786869298597194344e+01	1.056815697831664957e+00
1.846075270541081892e+01	1.064493489109434865e+00
1.905281242484969795e+01	1.072028643031199380e+00
1.964487214428857698e+01	1.078621720484058466e+00
2.023693186372745245e+01	1.084297640497515536e+00
2.082899158316633148e+01	1.090368544760569991e+00
2.142105130260520696e+01	1.095797596793004702e+00
2.201311102204408598e+01	1.100225621122020714e+00
2.260517074148296501e+01	1.104646964547379984e+00
2.319723046092184049e+01	1.109172877911367872e+00
2.378929018036071952e+01	1.113554020610602935e+00
2.438134989979959499e+01	1.117810029004068006e+00
2.497340961923847402e+01	1.121923823634881634e+00
2.556546933867735305e+01	1.126914551817323584e+00
2.615752905811622853e+01	1.132628786732048143e+00
2.674958877755510755e+01	1.135735613534254229e+00
2.734164849699398658e+01	1.140448163653746017e+00
2.793370821643286206e+01	1.144410362693414118e+00
2.852576793587174109e+01	1.149377188580554598e+00
2.911782765531062012e+01	1.153891435883660721e+00
2.970988737474949559e+01	1.158045842468139242e+00
3.030194709418837462e+01	1.162469222171613525e+00
3.089400681362725010e+01	1.167305109025305931e+00
3.148606653306612913e+01	1.171190654630798855e+00
3.207812625250500815e+01	1.175976001292197592e+00
3.267018597194388718e+01	1.180472634040495183e+00
3.326224569138276621e+01	1.185098560331653283e+00
3.385430541082163813e+01	1.189378991125330964e+00
3.444636513026051716e+01	1.193922938339170958e+00
3.503842484969939619e+01	1.198509283960680349e+00
3.563048456913827522e+01	1.202866959665644053e+00
3.622254428857715425e+01	1.207891990903580348e+00
3.681460400801602617e+01	1.212350462647234783e+00
3.740666372745490520e+01	1.216727017096510988e+00
3.799872344689378423e+01	1.221063661829041802e+00
3.859078316633266326e+01	1.226272729195792888e+00
3.918284288577154229e+01	1.230655305531987764e+00
3.977490260521041421e+01	1.235502207594557644e+00
4.036696232464929324e+01	1.239865832120450984e+00
4.095902204408817227e+01	1.244412220471244668e+00
4.155108176352705129e+01	1.249199866761510291e+00
4.214314148296593032e+01	1.254012451657962712e+00
4.273520120240480225e+01	1.258345111631257618e+00
4.332726092184368127e+01	1.263387815322695840e+00
4.391932064128256030e+01	1.268166699660906005e+00
4.451138036072143933e+01	1.272724200578344123e+00
4.510344008016031836e+01	1.277663835360497879e+00
4.569549979959919028e+01	1.282541946593187765e+00
4.628755951903806931e+01	1.287404271493565622e+00
4.687961923847694834e+01	1.291801002431266943e+00
4.747167895791582737e+01	1.297043575961099648e+00
4.806373867735470640e+01	1.301403600308054909e+00
4.865579839679358543e+01	1.306587560719844499e+00
4.924785811623245735e+01	1.311456958980842913e+00
4.983991783567133638e+01	1.316405431142957161e+00
5.043197755511021541e+01	1.320956228325683934e+00
5.102403727454909443e+01	1.325545004645597436e+00
5.161609699398797346e+01	1.330174592934900701e+00
5.220815671342684539e+01	1.335308789785973005e+00
5.280021643286572441e+01	1.340271975060772558e+00
5.339227615230460344e+01	1.345229862634526041e+00
5.398433587174348247e+01	1.350406353928387260e+00
5.457639559118236150e+01	1.355577398141472045e+00
5.516845531062124053e+01	1.360712263259281629e+00
5.576051503006011245e+01	1.365402972446952967e+00
5.635257474949899148e+01	1.370344325841357680e+00
5.694463446893787051e+01	1.375215391213788774e+00
5.753669418837674954e+01	1.380300337305710556e+00
5.812875390781562857e+01	1.385422132269182871e+00
5.872081362725450049e+01	1.390511026486327850e+00
5.931287334669337952e+01	1.395594555887186949e+00
5.990493306613225855e+01	1.401192044179828899e+00
6.049699278557113757e+01	1.406080880967272684e+00
6.108905250501001660e+01	1.410932867119913059e+00
6.168111222444888853e+01	1.415928333180803911e+00
6.227317194388776755e+01	1.420868695559882378e+00
6.286523166332664658e+01	1.426039560251584959e+00
6.345729138276552561e+01	1.431220867728564938e+00
6.404935110220441175e+01	1.436443253723097113e+00
6.464141082164327656e+01	1.441704458868203087e+00
6.523347054108215559e+01	1.446922789752677074e+00
6.582553026052103462e+01	1.451922753893239548e+00
6.641758997995991365e+01	1.456901500613071887e+00
6.700964969939879268e+01	1.462037462535087151e+00
6.760170941883767171e+01	1.467090059725584261e+00
6.819376913827655073e+01	1.472530915097452819e+00
6.878582885771542976e+01	1.477564610012808810e+00
6.937788857715430879e+01	1.483076681736974267e+00
6.996994829659317361e+01	1.488470808118882216e+00
7.056200801603205264e+01	1.493586281752177669e+00
7.115406773547093167e+01	1.498597686682243024e+00
7.174612745490981069e+01	1.503627469779433179e+00
7.233818717434868972e+01	1.508774536397065269e+00
7.293024689378756875e+01	1.514000516887874292e+00
7.352230661322644778e+01	1.519334380781965699e+00
7.411436633266532681e+01	1.524753076364261162e+00
7.470642605210420584e+01	1.530156884686461938e+00
7.529848577154308487e+01	1.535434682513361349e+00
7.589054549098194968e+01	1.540534204568609011e+00
7.648260521042082871e+01	1.545665923829130817e+00
7.707466492985970774e+01	1.550778843671526852e+00
7.766672464929858677e+01	1.556092946508084607e+00
7.825878436873746580e+01	1.561358098129639549e+00
7.885084408817634483e+01	1.566748879754980672e+00
7.944290380761522385e+01	1.572146788224279002e+00
8.003496352705410288e+01	1.577697632775425296e+00
8.062702324649298191e+01	1.582711993994564192e+00
8.121908296593186094e+01	1.587953788722293647e+00
8.181114268537073997e+01	1.593320912979394155e+00
8.240320240480960479e+01	1.598640057397020309e+00
8.299526212424848381e+01	1.604099752054609640e+00
8.358732184368736284e+01	1.609376107907984466e+00
8.417938156312624187e+01	1.615046581392879155e+00
8.477144128256512090e+01	1.620701468870659800e+00
8.536350100200399993e+01	1.626057571673160673e+00
8.595556072144287896e+01	1.631131528032067735e+00
8.654762044088175799e+01	1.636387620987599600e+00
8.713968016032063701e+01	1.641808676346255380e+00
8.773173987975951604e+01	1.647183951154527426e+00
8.832379959919838086e+01	1.652608671418263064e+00
8.891585931863725989e+01	1.658103986370264460e+00
8.950791903807613892e+01	1.663678495530385160e+00
9.009997875751501795e+01	1.669231446173119027e+00
9.069203847695389697e+01	1.674525255794939493e+00
9.128409819639277600e+01	1.679784322601028501e+00
9.187615791583165503e+01	1.685128339085097959e+00
9.246821763527053406e+01	1.690546573298658428e+00
9.306027735470941309e+01	1.696018009716554698e+00
9.365233707414829212e+01	1.701458533719955257e+00
9.424439679358717115e+01	1.707085064146833808e+00
9.483645651302603596e+01	1.712705340609214311e+00
9.542851623246491499e+01	1.717984752771929413e+00
9.602057595190379402e+01	1.723377729840043671e+00
9.661263567134267305e+01	1.728728228413545898e+00
9.720469539078155208e+01	1.734257932848491279e+00
9.779675511022043111e+01	1.739558727960852202e+00
9.838881482965931013e+01	1.745004202495845202e+00
9.898087454909818916e+01	1.750674334187501291e+00
9.957293426853706819e+01	1.756285807151318545e+00
1.001649939879759472e+02	1.761872866742759447e+00
1.007570537074148262e+02	1.767059043466362667e+00
1.013491134268536911e+02	1.772188712355951434e+00
1.019411731462925701e+02	1.777339833343121178e+00
1.025332328657314491e+02	1.782818256799463486e+00
1.031252925851703282e+02	1.788112981227339304e+00
1.037173523046092072e+02	1.793518511078471489e+00
1.043094120240480862e+02	1.799026242495964212e+00
1.049014717434869652e+02	1.804697013665316874e+00
1.054935314629258443e+02	1.810187050165317890e+00
1.060855911823647233e+02	1.816025091664950075e+00
1.066776509018036023e+02	1.821623695467139870e+00
1.072697106212424814e+02	1.827434368848077195e+00
1.078617703406813462e+02	1.833354789476822289e+00
1.084538300601202252e+02	1.839153863223157215e+00
1.090458897795591042e+02	1.845175711152525322e+00
1.096379494989979833e+02	1.851195129244294968e+00
1.102300092184368623e+02	1.856937054154460975e+00
1.108220689378757413e+02	1.862254434466243058e+00
1.114141286573146203e+02	1.867639200606415750e+00
1.120061883767534994e+02	1.872903300558993678e+00
1.125982480961923784e+02	1.878425496621773716e+00
1.131903078156312574e+02	1.883892763231096668e+00
1.137823675350701222e+02	1.889383382651207643e+00
1.143744272545090013e+02	1.895023572625981201e+00
1.149664869739478803e+02	1.900854967051809785e+00
1.155585466933867593e+02	1.906529643637965288e+00
1.161506064128256384e+02	1.912437487527232083e+00
1.167426661322645174e+02	1.918330525000953024e+00
1.173347258517033964e+02	1.924080596057395232e+00
1.179267855711422754e+02	1.930190599499163273e+00
1.185188452905811545e+02	1.936193040259335918e+00
1.191109050100200335e+02	1.942290276529299753e+00
1.197029647294589125e+02	1.948381221195565338e+00
1.202950244488977773e+02	1.954216805962545545e+00
1.208870841683366564e+02	1.959708593712413238e+00
1.214791438877755354e+02	1.965041634077727251e+00
1.220712036072144144e+02	1.970687124978649285e+00
1.226632633266532935e+02	1.976323353018017093e+00
1.232553230460921725e+02	1.981940289681879408e+00
1.238473827655310515e+02	1.987708581102404226e+00
1.244394424849699305e+02	1.993414044109668604e+00
1.250315022044088096e+02	1.999214079481961059e+00
1.256235619238476886e+02	2.005095300138197700e+00
1.262156216432865534e+02	2.011085918315631105e+00
1.268076813627254325e+02	2.017067103676642326e+00
1.273997410821643115e+02	2.023089338261328418e+00
1.279918008016031905e+02	2.029262364331755109e+00
1.285838605210420837e+02	2.035302642353564284e+00
1.291759202404809628e+02	2.041484916965962348e+00
1.297679799599198418e+02	2.047896694230971537e+00
1.303600396793587208e+02	2.053705307024777493e+00
1.309520993987975999e+02	2.059311127599548374e+00
1.315441591182364789e+02	2.064926399759836606e+00
1.321362188376753579e+02	2.070656579687174315e+00
1.327282785571142369e+02	2.076425700425517995e+00
1.333203382765531160e+02	2.082251611202328601e+00
1.339123979959919950e+02	2.088116655331301086e+00
1.345044577154308740e+02	2.093926589265250104e+00
1.350965174348697531e+02	2.099924075138206447e+00
1.356885771543086321e+02	2.105843930279809761e+00
1.362806368737474827e+02	2.112041069089070522e+00
1.368726965931863617e+02	2.118110269430288906e+00
1.374647563126252408e+02	2.124280129946063855e+00
1.380568160320641198e+02	2.130435135121804713e+00
1.386488757515029988e+02	2.136512228480906828e+00
1.392409354709418778e+02	2.142762072816084107e+00
1.398329951903807569e+02	2.148149844369031669e+00
1.404250549098196359e+02	2.154940613400453397e+00
1.410171146292585149e+02	2.160767326148945067e+00
1.416091743486973940e+02	2.166497280152939187e+00
1.422012340681362730e+02	2.172238263927271706e+00
1.427932937875751520e+02	2.178192094048123639e+00
1.433853535070140310e+02	2.184075041511893467e+00
1.439774132264529101e+02	2.190050155350142358e+00
1.445694729458917891e+02	2.196135167841791525e+00
1.451615326653306681e+02	2.202172116205609154e+00
1.457535923847695472e+02	2.208319893101866604e+00
1.463456521042084262e+02	2.214456895291576188e+00
1.469377118236473052e+02	2.220768914446425324e+00
1.475297715430861842e+02	2.227132961219533858e+00
1.481218312625250633e+02	2.233361023972990633e+00
1.487138909819639139e+02	2.239651893836676955e+00
1.493059507014027929e+02	2.245987307234691865e+00
1.498980104208416719e+02	2.252460429464559155e+00
1.504900701402805510e+02	2.258484456664022311e+00
1.510821298597194300e+02	2.264252436537608215e+00
1.516741895791583090e+02	2.270291569876150106e+00
1.522662492985971880e+02	2.276357377669463666e+00
1.528583090180360671e+02	2.282425183384827250e+00
1.534503687374749461e+02	2.288430079121490213e+00
1.540424284569138251e+02	2.294483507913712916e+00
1.546344881763527042e+02	2.300658587260031585e+00
1.552265478957915832e+02	2.306894188196694895e+00
1.558186076152304622e+02	2.313049316400506594e+00
1.564106673346693412e+02	2.319351313859715269e+00
1.570027270541082203e+02	2.325742691621016878e+00
1.575947867735470993e+02	2.332197788757879309e+00
1.581868464929859783e+02	2.338631628941083118e+00
1.587789062124248574e+02	2.345041793088323168e+00
1.593709659318637364e+02	2.352077475576434651e+00
1.599630256513026154e+02	2.358723034796860407e+00
1.605550853707414944e+02	2.364757965943985241e+00
1.611471450901803451e+02	2.370843487288214035e+00
1.617392048096192241e+02	2.376873252213917542e+00
1.623312645290581031e+02	2.382991910981933970e+00
1.629233242484969821e+02	2.388835177116999997e+00
1.635153839679358612e+02	2.395111865901102810e+00
1.641074436873747402e+02	2.401407683157058770e+00
1.646995034068136192e+02	2.407627647611443766e+00
1.652915631262524983e+02	2.413909108828806271e+00
1.658836228456913773e+02	2.420320024084712252e+00
1.664756825651302563e+02	2.426620117494046269e+00
1.670677422845691353e+02	2.433096037085653585e+00
1.676598020040080144e+02	2.439591162964043214e+00
1.682518617234468934e+02	2.446166913718124558e+00
1.688439214428857724e+02	2.452600846452948957e+00
1.694359811623246515e+02	2.459354168261866924e+00
1.700280408817635305e+02	2.465905299997185107e+00
1.706201006012024095e+02	2.472079963841857797e+00
1.712121603206412885e+02	2.478032652948127357e+00
1.718042200400801676e+02	2.484214767787866318e+00
1.723962797595190466e+02	2.490320097464852278e+00
1.729883394789579256e+02	2.496602342217214776e+00
1.735803991983967762e+02	2.502844903405387900e+00
1.741724589178356553e+02	2.509284702119809474e+00
1.747645186372745343e+02	2.515583725548213412e+00
1.753565783567134133e+02	2.522080086323711168e+00
1.759486380761522923e+02	2.528532768116996898e+00
1.765406977955911714e+02	2.535081965577261176e+00
1.771327575150300504e+02	2.541642948721232642e+00
1.777248172344689294e+02	2.548038751964480486e+00
1.783168769539078085e+02	2.554709943502366798e+00
1.789089366733466875e+02	2.561237372594856065e+00
1.795009963927855665e+02	2.567919681121563880e+00
1.800930561122244455e+02	2.574672743639192518e+00
1.806851158316633246e+02	2.580933197839902604e+00
1.812771755511022036e+02	2.587093049921266985e+00
1.818692352705410826e+02	2.593369540548196461e+00
1.824612949899799617e+02	2.599615352646932553e+00
1.830533547094188407e+02	2.605754311123348543e+00
1.836454144288577197e+02	2.612119909827621544e+00
1.842374741482965987e+02	2.618807955320406222e+00
1.848295338677354778e+02	2.625155317443482961e+00
1.854215935871743568e+02	2.630571110846865235e+00
1.860136533066132358e+02	2.637120867887885023e+00
1.866057130260520864e+02	2.643643866220257266e+00
1.871977727454909655e+02	2.650317744452383550e+00
1.877898324649298445e+02	2.656955744250979912e+00
1.883818921843687235e+02	2.663657470810826489e+00
1.889739519038076025e+02	2.670356059542374538e+00
1.895660116232464816e+02	2.677238894642629763e+00
1.901580713426853606e+02	2.683806009018794292e+00
1.907501310621242396e+02	2.690012279646356141e+00
1.913421907815631187e+02	2.696325087918422181e+00
1.919342505010019977e+02	2.702763558431070301e+00
1.925263102204408767e+02	2.709024869914832934e+00
1.931183699398797557e+02	2.715457293224446733e+00
1.937104296593186348e+02	2.721830457010607329e+00
1.943024893787575138e+02	2.728297131810303089e+00
1.948945490981963928e+02	2.734759110321500764e+00
1.954866088176352719e+02	2.741222159141779802e+00
1.960786685370741509e+02	2.747649010732092556e+00
1.966707282565130299e+02	2.753924756753481695e+00
1.972627879759519089e+02	2.760709695354560456e+00
1.978548476953907880e+02	2.767458988429714051e+00
1.984469074148296670e+02	2.774133909097341810e+00
1.990389671342685176e+02	2.780997189311324558e+00
1.996310268537073966e+02	2.787784780330367695e+00
2.002230865731462757e+02	2.794629759238897559e+00
2.008151462925851547e+02	2.800830724502844316e+00
2.014072060120240337e+02	2.807168220252682644e+00
2.019992657314629128e+02	2.813541663741835563e+00
2.025913254509017918e+02	2.820082455306876845e+00
2.031833851703406708e+02	2.826457362596137113e+00
2.037754448897795498e+02	2.833015906808781015e+00
2.043675046092184289e+02	2.839619711635516630e+00
2.049595643286573079e+02	2.846230898887073035e+00
2.055516240480961869e+02	2.852922204016905106e+00
2.061436837675350660e+02	2.859571814994850580e+00
2.067357434869739450e+02	2.866473295593142456e+00
2.073278032064128240e+02	2.873189751462844388e+00
2.079198629258517030e+02	2.880021558450268415e+00
2.085119226452905821e+02	2.886849531714839046e+00
2.091039823647294611e+02	2.893805692536949969e+00
2.096960420841683401e+02	2.900701957209850246e+00
2.102881018036072192e+02	2.907521356676294300e+00
2.108801615230460982e+02	2.913904979754340374e+00
2.114722212424849772e+02	2.920502978781597481e+00
2.120642809619238278e+02	2.927033326349170128e+00
2.126563406813627068e+02	2.933503861426669967e+00
2.132484004008015859e+02	2.940278231933188824e+00
2.138404601202404649e+02	2.946949367816277476e+00
2.144325198396793439e+02	2.953718132006552644e+00
2.150245795591182230e+02	2.960409827388857718e+00
2.156166392785571020e+02	2.967181051850160234e+00
2.162086989979959810e+02	2.974098223161946386e+00
2.168007587174348600e+02	2.980959323867034882e+00
2.173928184368737391e+02	2.987846518237675664e+00
2.179848781563126181e+02	2.994782510025123745e+00
2.185769378757514971e+02	3.001686203297756261e+00
2.191689975951903762e+02	3.008658589582145382e+00
2.197610573146292552e+02	3.015583558348803539e+00
2.203531170340681342e+02	3.022468889026159733e+00
2.209451767535070132e+02	3.029147682029655009e+00
2.215372364729458923e+02	3.035557942791223596e+00
2.221292961923847713e+02	3.042073469880045788e+00
2.227213559118236503e+02	3.048938916700308699e+00
2.233134156312625294e+02	3.055664957071380528e+00
2.239054753507014084e+02	3.062482660544735502e+00
2.244975350701402590e+02	3.069032954283865688e+00
2.250895947895791380e+02	3.076153429842550580e+00
2.256816545090180171e+02	3.082972830347618487e+00
2.262737142284568961e+02	3.089725486192653747e+00
2.268657739478957751e+02	3.096699615209448808e+00
2.274578336673346541e+02	3.103637277986464937e+00
2.280498933867735332e+02	3.110725030000629054e+00
2.286419531062124122e+02	3.117869570196332152e+00
2.292340128256512912e+02	3.124885015403729760e+00
2.298260725450901703e+02	3.132115828406525804e+00
2.304181322645290493e+02	3.138815192998689163e+00
2.310101919839679283e+02	3.145433742152113243e+00
2.316022517034068073e+02	3.152148207022495985e+00
2.321943114228456864e+02	3.158944480396951526e+00
2.327863711422845654e+02	3.165679323752813357e+00
2.333784308617234444e+02	3.172282405523433102e+00
2.339704905811623235e+02	3.179313365542805414e+00
2.345625503006012025e+02	3.186107747730044792e+00
2.351546100200400815e+02	3.193051503461621810e+00
2.357466697394789605e+02	3.199949835194548342e+00
2.363387294589178396e+02	3.206894877640313446e+00
2.369307891783566902e+02	3.214025492238789639e+00
2.375228488977955692e+02	3.221055887242657789e+00
2.381149086172344482e+02	3.228378787068605149e+00
2.387069683366733273e+02	3.235417623386460217e+00
2.392990280561122063e+02	3.242444136103923125e+00
2.398910877755510853e+02	3.249814119431913451e+00
2.404831474949899643e+02	3.256851179682153319e+00
2.410752072144288434e+02	3.263532385488491894e+00
2.416672669338677224e+02	3.270111175481729582e+00
2.422593266533066014e+02	3.276924617482464885e+00
2.428513863727454805e+02	3.283632446759378709e+00
2.434434460921843595e+02	3.290296985217096459e+00
2.440355058116232385e+02	3.297540512424401715e+00
2.446275655310621175e+02	3.304094071155542878e+00
2.452196252505009966e+02	3.311253420742275466e+00
2.458116849699398756e+02	3.318336758781359919e+00
2.464037446893787546e+02	3.325495736603808261e+00
2.469958044088176337e+02	3.332504537830807134e+00
2.475878641282565127e+02	3.339817986443634812e+00
2.481799238476953917e+02	3.347494672486750922e+00
2.487719835671342707e+02	3.354658307604390099e+00
2.493640432865731213e+02	3.361982695452319092e+00
2.499561030060120004e+02	3.369331297617563337e+00
2.505481627254508794e+02	3.376220922561183890e+00
2.511402224448897584e+02	3.382874721631041748e+00
2.517322821643286375e+02	3.389782277716558934e+00
2.523243418837675165e+02	3.396744623186723544e+00
2.529164016032063955e+02	3.403645438066607909e+00
2.535084613226452745e+02	3.410531616162539859e+00
2.541005210420841536e+02	3.417297766753446542e+00
2.546925807615230326e+02	3.424106603688527262e+00
2.552846404809619116e+02	3.431266141505224798e+00
2.558767002004007907e+02	3.438547675709295426e+00
2.564687599198396697e+02	3.445952405775420058e+00
2.570608196392785203e+02	3.453795327421016026e+00
2.576528793587174277e+02	3.460820914169374873e+00
2.582449390781562784e+02	3.467979137682490887e+00
2.588369987975951858e+02	3.475410714757533270e+00
2.594290585170340364e+02	3.482570964313951301e+00
2.600211182364729439e+02	3.489809862257660988e+00
2.606131779559117945e+02	3.497763217338919262e+00
2.612052376753507019e+02	3.505211747363282448e+00
2.617972973947895525e+02	3.512241911985642950e+00
2.623893571142284600e+02	3.519232853545108064e+00
2.629814168336673106e+02	3.526315191863812704e+00
2.635734765531062180e+02	3.533315450982354111e+00
2.641655362725450686e+02	3.540562722501388038e+00
2.647575959919839761e+02	3.547716055451818562e+00
2.653496557114228267e+02	3.555053488459505751e+00
2.659417154308617341e+02	3.562228693108571154e+00
2.665337751503005848e+02	3.569414333318650989e+00
2.671258348697394922e+02	3.576756846828214265e+00
2.677178945891783428e+02	3.583958473764876196e+00
2.683099543086172503e+02	3.591416290694858571e+00
2.689020140280561009e+02	3.598029771736270366e+00
2.694940737474949515e+02	3.605455266453678753e+00
2.700861334669338589e+02	3.613577564501705197e+00
2.706781931863727095e+02	3.620480052655803860e+00
2.712702529058116170e+02	3.627430995405897640e+00
2.718623126252504676e+02	3.634374298464168707e+00
2.724543723446893750e+02	3.641170024885804324e+00
2.730464320641282256e+02	3.647420205495397916e+00
2.736384917835671331e+02	3.655792176688292816e+00
2.742305515030059837e+02	3.662697692223046975e+00
2.748226112224448912e+02	3.669836178100279955e+00
2.754146709418837418e+02	3.677040974721298205e+00
2.760067306613226492e+02	3.683870581981109282e+00
2.765987903807614998e+02	3.691224888427401929e+00
2.771908501002004073e+02	3.697654492734268494e+00
2.777829098196392579e+02	3.705615973357571757e+00
2.783749695390781653e+02	3.712812794962160989e+00
2.789670292585170159e+02	3.720345752272612216e+00
2.795590889779559234e+02	3.728123469984642391e+00
2.801511486973947740e+02	3.735917094476973510e+00
2.807432084168336814e+02	3.742961626473199299e+00
2.813352681362725320e+02	3.749418946589892609e+00
2.819273278557113827e+02	3.756399687596926995e+00
2.825193875751502901e+02	3.763434438934436077e+00
2.831114472945891407e+02	3.769816706098379377e+00
2.837035070140280482e+02	3.777034810094021200e+00
2.842955667334668988e+02	3.784341203126147413e+00
2.848876264529058062e+02	3.791614989392340540e+00
2.854796861723446568e+02	3.799126096266650876e+00
2.860717458917835643e+02	3.806208198755037575e+00
2.866638056112224149e+02	3.815162884105407493e+00
2.872558653306613223e+02	3.822435233427206480e+00
2.878479250501001729e+02	3.830160899186876744e+00
2.884399847695390804e+02	3.837474856801493139e+00
2.890320444889779310e+02	3.844934590948177355e+00
2.896241042084168384e+02	3.851316859804604142e+00
2.902161639278556891e+02	3.859435245729766262e+00
2.908082236472945965e+02	3.866120060478812182e+00
2.914002833667334471e+02	3.873369606110464325e+00
2.919923430861723546e+02	3.880920215623417491e+00
2.925844028056112052e+02	3.886155908419318017e+00
2.931764625250501126e+02	3.893144166965358810e+00
2.937685222444889632e+02	3.900644801818281771e+00
2.943605819639278138e+02	3.908861656608098922e+00
2.949526416833667213e+02	3.916268749882325650e+00
2.955447014028055719e+02	3.923750060983985044e+00
2.961367611222444793e+02	3.930169752045762799e+00
2.967288208416833299e+02	3.937686010071502096e+00
2.973208805611222374e+02	3.944879916112141949e+00
2.979129402805610880e+02	3.952058883213506402e+00
2.985049999999999955e+02	3.958118846536277324e+00
