T	B28KUD3A Rho_mr	Err
1.873599999999999932e+00	1.029481942882002921e-04	3.513156850353963350e-05
2.873599999999999710e+00	1.052574525100403286e-04	3.591961402462784115e-05
3.873599999999999710e+00	9.444056166349905953e-05	3.222829778155963438e-05
4.873599999999998822e+00	1.005640966646763936e-04	3.431798367517944825e-05
5.873599999999998822e+00	9.917800972362250612e-05	3.384497481224422083e-05
6.873599999999998822e+00	1.023837119159939284e-04	3.493893616777770815e-05
7.873599999999997934e+00	9.931114705489576535e-05	3.389040856954657176e-05
8.873599999999997934e+00	9.909658871886673490e-05	3.381718950113719256e-05
9.873599999999997934e+00	9.768392809696660884e-05	3.333511224127188509e-05
1.087359999999999793e+01	9.765914289079071983e-05	3.332665416996074696e-05
1.187359999999999793e+01	9.815444637324542308e-05	3.349567887548579869e-05
1.287359999999999793e+01	1.007936839417738166e-04	3.439633144231278469e-05
1.387359999999999616e+01	9.848317619580212860e-05	3.360785951507989672e-05
1.487359999999999616e+01	9.762019150813349257e-05	3.331336182250781830e-05
1.587359999999999616e+01	9.946895369337435775e-05	3.394426084707660349e-05
1.687359999999999616e+01	1.027184158543375392e-04	3.505315550323690593e-05
1.787359999999999616e+01	9.662828410571415775e-05	3.297486863087680100e-05
1.887359999999999616e+01	9.815859765212928795e-05	3.349709551945410983e-05
1.987359999999999616e+01	9.728554277597042401e-05	3.319916132642436544e-05
2.087359999999999616e+01	1.011725364038823169e-04	3.452561667472822172e-05
2.187359999999999616e+01	9.757292974023610069e-05	3.329723351595553109e-05
2.287359999999999616e+01	9.583462335666914351e-05	3.270402806716969294e-05
2.387359999999999616e+01	9.375605989577416013e-05	3.199470824742656623e-05
2.487359999999999616e+01	9.334656017232002595e-05	3.185496448906170654e-05
2.587359999999999260e+01	9.370928905128596525e-05	3.197874747085863704e-05
2.687359999999999260e+01	9.270989045553940544e-05	3.163769787332494697e-05
2.787359999999999260e+01	9.954376208354716587e-05	3.396978957152065249e-05
2.887359999999999260e+01	9.797259325752598021e-05	3.343362062146150644e-05
2.987359999999999260e+01	1.022187966103646847e-04	3.488265802325020979e-05
3.087359999999999260e+01	5.808965649469892932e-03	1.982337583093005551e-03
3.187359999999999260e+01	2.222239433350026855e-02	7.583499392465970802e-03
3.287359999999999616e+01	3.127797449346107067e-02	1.067375985724249195e-02
3.387359999999999616e+01	3.655361282235938813e-02	1.247409691641161722e-02
3.487359999999999616e+01	4.068385065499460773e-02	1.388356052435920154e-02
3.587359999999999616e+01	4.355540857554646844e-02	1.486349353333779599e-02
3.687359999999999616e+01	4.591982703097975682e-02	1.567036275054376968e-02
3.787359999999999616e+01	4.781619313555945244e-02	1.631750684249670680e-02
3.887359999999999616e+01	4.954005333821435292e-02	1.690578246227644743e-02
3.987359999999999616e+01	5.099707974955572376e-02	1.740299976205936239e-02
4.087359999999999616e+01	5.235971035396945472e-02	1.786800403683047600e-02
4.187359999999999616e+01	5.355886687418640046e-02	1.827722199084850715e-02
4.287359999999999616e+01	5.477912160031207789e-02	1.869363980952962537e-02
4.387359999999999616e+01	5.586079873029992093e-02	1.906276735424883989e-02
4.487359999999999616e+01	5.686884224177517211e-02	1.940676707102678006e-02
4.587359999999999616e+01	5.780441840089322464e-02	1.972603695382162126e-02
4.687359999999999616e+01	5.875879478528862193e-02	2.005172250429067618e-02
4.787359999999999616e+01	5.966952825052589116e-02	2.036251469781743401e-02
4.887359999999999616e+01	6.063090568283528020e-02	2.069058938969968106e-02
4.987359999999998905e+01	6.140470764468607817e-02	2.095465304636598067e-02
5.087359999999998905e+01	6.212184465394990363e-02	2.119937951429065950e-02
5.187359999999998905e+01	6.303831779706753347e-02	2.151213040061467074e-02
5.287359999999998905e+01	6.378245014912695132e-02	2.176606915964613559e-02
5.387359999999998905e+01	6.476173701562946972e-02	2.210025553244290147e-02
5.487359999999998905e+01	6.548333637601504165e-02	2.234650479923942779e-02
5.587359999999998905e+01	6.636455383861689095e-02	2.264722451431519512e-02
5.687359999999998905e+01	6.705614381338340091e-02	2.288323293333470107e-02
5.787359999999998905e+01	6.800763603552058278e-02	2.320793424950367070e-02
5.887359999999998905e+01	6.879651967972841287e-02	2.347714460311339096e-02
5.987359999999998905e+01	6.931567419250386775e-02	2.365430858792728908e-02
6.087359999999998905e+01	7.009382291756031946e-02	2.391985559853081894e-02
6.187359999999998905e+01	7.087698008016471429e-02	2.418711176263653451e-02
6.287359999999998905e+01	7.168450955419246318e-02	2.446268509572495364e-02
6.387359999999998905e+01	7.251002709171243399e-02	2.474439694235595205e-02
6.487359999999998195e+01	7.332374434003435804e-02	2.502208188330697775e-02
6.587359999999998195e+01	7.408475053218724349e-02	2.528177892176490527e-02
6.687359999999998195e+01	7.487025618221004875e-02	2.554983651854449492e-02
6.787359999999998195e+01	7.566320924591256325e-02	2.582043558121061705e-02
6.887359999999998195e+01	7.650233065044165226e-02	2.610678981316026312e-02
6.987359999999998195e+01	7.730115687445057726e-02	2.637939312014619606e-02
7.087359999999998195e+01	7.805765978845395636e-02	2.663755339318638754e-02
7.187359999999998195e+01	7.886114004075062134e-02	2.691174490980278305e-02
7.287359999999998195e+01	7.968022453169031072e-02	2.719126144821897018e-02
7.387359999999998195e+01	8.048341946264651880e-02	2.746535559754994041e-02
7.487359999999998195e+01	8.128878624517518747e-02	2.774019090171927354e-02
7.587359999999998195e+01	8.207282067576655848e-02	2.800774643776243744e-02
7.687359999999998195e+01	8.286987635960187115e-02	2.827974553936304578e-02
7.787359999999998195e+01	8.370444850929197045e-02	2.856454731612761630e-02
7.887359999999998195e+01	8.453500072760135320e-02	2.884797727189370928e-02
7.987359999999998195e+01	8.534144460505163621e-02	2.912318013990701851e-02
8.087359999999998195e+01	8.614743455990363230e-02	2.939822810464138778e-02
8.187359999999998195e+01	8.698330420010237651e-02	2.968347265630844750e-02
8.287359999999998195e+01	8.783001263881383414e-02	2.997241600031546813e-02
8.387359999999998195e+01	8.870431105840805019e-02	3.027077455854839533e-02
8.487359999999998195e+01	8.952684882073762285e-02	3.055146954250443150e-02
8.587359999999998195e+01	9.035293150783424432e-02	3.083337424915793754e-02
8.687359999999998195e+01	9.117087625333820944e-02	3.111250184393962379e-02
8.787359999999998195e+01	9.199874513921774133e-02	3.139501609955449440e-02
8.887359999999998195e+01	9.286021222495600969e-02	3.168899590313835335e-02
8.987359999999998195e+01	9.370609775557676990e-02	3.197765842578507989e-02
9.087359999999998195e+01	9.450171344551547281e-02	3.224916612251381431e-02
9.187359999999998195e+01	9.534912265571970913e-02	3.253834860817721858e-02
9.287359999999998195e+01	9.620908668631307503e-02	3.283181548693366730e-02
9.387359999999998195e+01	9.705369377057795899e-02	3.312004173358700648e-02
9.487359999999998195e+01	9.787801797822812122e-02	3.340134635063658070e-02
9.587359999999998195e+01	9.871372411010770342e-02	3.368653510430003745e-02
9.687359999999998195e+01	9.955861725878603630e-02	3.397485897181605485e-02
9.787359999999996774e+01	1.004063906195983985e-01	3.426416572563320551e-02
9.887359999999996774e+01	1.012644843379788412e-01	3.455699435131406178e-02
9.987359999999996774e+01	1.021052075477599796e-01	3.484389520704210541e-02
1.008735999999999677e+02	1.029119699876351879e-01	3.511920678602147017e-02
1.018735999999999677e+02	1.037366734900758147e-01	3.540064083925015259e-02
1.028735999999999677e+02	1.045501286597275842e-01	3.567823634458923421e-02
1.038735999999999677e+02	1.053822414635576105e-01	3.596219885770130659e-02
1.048735999999999677e+02	1.062215511224368913e-01	3.624861733235715255e-02
1.058735999999999677e+02	1.070587291053687606e-01	3.653430836230071865e-02
1.068735999999999677e+02	1.079408358854986871e-01	3.683533156127802299e-02
1.078735999999999677e+02	1.088482418441042571e-01	3.714498822709606102e-02
1.088735999999999677e+02	1.097427762796487488e-01	3.745025242350467909e-02
1.098735999999999677e+02	1.105998881254724453e-01	3.774274598043345780e-02
1.108735999999999677e+02	1.113824808212224987e-01	3.800980951749895892e-02
1.118735999999999677e+02	1.122275701860071945e-01	3.829820034470892559e-02
1.128735999999999677e+02	1.130659456305883326e-01	3.858430001422361033e-02
1.138735999999999677e+02	1.139165048885926457e-01	3.887455746891237823e-02
1.148735999999999677e+02	1.147617760145297344e-01	3.916301032299344259e-02
1.158735999999999677e+02	1.156445458443704222e-01	3.946425979088682978e-02
1.168735999999999677e+02	1.164994559263284463e-01	3.975600198526273166e-02
1.178735999999999677e+02	1.173668215675167104e-01	4.005199469938180296e-02
1.188735999999999677e+02	1.182756480687257999e-01	4.036213613222399549e-02
1.198735999999999677e+02	1.191533783824726273e-01	4.066166584091131936e-02
1.208735999999999677e+02	1.199808648883036594e-01	4.094404960748787570e-02
1.218735999999999677e+02	1.208197896472361643e-01	4.123033673317796216e-02
1.228735999999999677e+02	1.216449268208828066e-01	4.151191877880016506e-02
1.238735999999999677e+02	1.224895322796127894e-01	4.180014447073187450e-02
1.248735999999999677e+02	1.233189472453016522e-01	4.208318633354867638e-02
1.258735999999999677e+02	1.242120038256136066e-01	4.238794620472169372e-02
1.268735999999999677e+02	1.250934102334966547e-01	4.268873039828720989e-02
1.278735999999999677e+02	1.259658088201854320e-01	4.298644062936565063e-02
1.288735999999999819e+02	1.269150596935307018e-01	4.331037707443446960e-02
1.298735999999999819e+02	1.277514062144123053e-01	4.359578436393772571e-02
1.308735999999999819e+02	1.285515286575670268e-01	4.386883001196742460e-02
1.318735999999999819e+02	1.293957205318029546e-01	4.415691456619304928e-02
1.328735999999999819e+02	1.302349268660818182e-01	4.444329778082999755e-02
1.338735999999999819e+02	1.310825486593021061e-01	4.473255281147433399e-02
1.348735999999999819e+02	1.319214025275002589e-01	4.501881574535893105e-02
1.358735999999999819e+02	1.327679616222367243e-01	4.530770812501320327e-02
1.368735999999999819e+02	1.336611077947044146e-01	4.561249856994205321e-02
1.378735999999999819e+02	1.345429965396500727e-01	4.591344736335969956e-02
1.388735999999999819e+02	1.354291623087051921e-01	4.621585571191118985e-02
1.398735999999999819e+02	1.363261032284496799e-01	4.652194113267550668e-02
1.408735999999999819e+02	1.371164851890165071e-01	4.679166279397907469e-02
1.418735999999999819e+02	1.379273135685286089e-01	4.706836189449654928e-02
1.428735999999999819e+02	1.387679980077435316e-01	4.735524951958161588e-02
1.438735999999999819e+02	1.396053734397405266e-01	4.764100792997226497e-02
1.448735999999999819e+02	1.404532938684605603e-01	4.793036487142318669e-02
1.458735999999999819e+02	1.412920440506782727e-01	4.821659242196620759e-02
1.468735999999999819e+02	1.421754154930991165e-01	4.851804719305815444e-02
1.478735999999999819e+02	1.430569644503834337e-01	4.881888003229530731e-02
1.488735999999999819e+02	1.439316396264491982e-01	4.911736716049375229e-02
1.498735999999999819e+02	1.448160332174925347e-01	4.941917074473973354e-02
1.508735999999999819e+02	1.455954458123223938e-01	4.968514905700746609e-02
1.518735999999999819e+02	1.463919137019385752e-01	4.995694757099197747e-02
1.528735999999999819e+02	1.472069307263701443e-01	5.023507606681786725e-02
1.538735999999999819e+02	1.480333971012844363e-01	5.051711170879221585e-02
1.548735999999999819e+02	1.489010165562968391e-01	5.081319103810461035e-02
1.558735999999999819e+02	1.497616929956820109e-01	5.110690102980193494e-02
1.568735999999999819e+02	1.506323518382250704e-01	5.140401756478831657e-02
1.578735999999999819e+02	1.514968416058483647e-01	5.169902887316391027e-02
1.588735999999999819e+02	1.523603452574590622e-01	5.199370366468761273e-02
1.598735999999999819e+02	1.532140758955785331e-01	5.228504336815732040e-02
1.608735999999999819e+02	1.540295932959639125e-01	5.256334261969408672e-02
1.618735999999999819e+02	1.548404779537380094e-01	5.284006092544026034e-02
1.628735999999999819e+02	1.556504840964313130e-01	5.311647943367221736e-02
1.638735999999999819e+02	1.565017105810983244e-01	5.340696458268211211e-02
1.648735999999999819e+02	1.573441725587969575e-01	5.369445880135961108e-02
1.658735999999999819e+02	1.581538545585767785e-01	5.397076669425684980e-02
1.668735999999999819e+02	1.589964436065613995e-01	5.425830427628316327e-02
1.678735999999999819e+02	1.598798523765375401e-01	5.455977178558361895e-02
1.688735999999999819e+02	1.607532911206249748e-01	5.485783697539795001e-02
1.698735999999999819e+02	1.615886804074618821e-01	5.514291760416033944e-02
1.708735999999999819e+02	1.623807717328211997e-01	5.541322259445495557e-02
1.718735999999999819e+02	1.631692325581699798e-01	5.568228865908696895e-02
1.728735999999999819e+02	1.639943105407638269e-01	5.596385050547654505e-02
1.738735999999999819e+02	1.648207027725227536e-01	5.624586084574104139e-02
1.748735999999999819e+02	1.656395349622080682e-01	5.652529128513565648e-02
1.758735999999999819e+02	1.664890461260027932e-01	5.681519107261347873e-02
1.768735999999999819e+02	1.673381060163679213e-01	5.710493686085398035e-02
1.778735999999999819e+02	1.681767470166157241e-01	5.739112715252246005e-02
1.788735999999999819e+02	1.690245803226109733e-01	5.768045436292276729e-02
1.798735999999999819e+02	1.698572465048130142e-01	5.796460571907691151e-02
1.808735999999999819e+02	1.706552195627212554e-01	5.823691787901049549e-02
1.818735999999999819e+02	1.714546793083434884e-01	5.850973737830665600e-02
1.828735999999999819e+02	1.722472386209630835e-01	5.878020207151406218e-02
1.838735999999999819e+02	1.730343224224078769e-01	5.904879822008829438e-02
1.848735999999999819e+02	1.738150779760459508e-01	5.931523482353534549e-02
1.858735999999999819e+02	1.745914059305228860e-01	5.958016048738495885e-02
1.868735999999999819e+02	1.753995593977819289e-01	5.985594676117719781e-02
1.878735999999999819e+02	1.762506415612812016e-01	6.014638265989157712e-02
1.888735999999999819e+02	1.771035842803092286e-01	6.043745348216595509e-02
1.898735999999999819e+02	1.778734487856406254e-01	6.070017346277851999e-02
1.908735999999999819e+02	1.786436031178313677e-01	6.096299234820657525e-02
1.918735999999999819e+02	1.794292350595715069e-01	6.123109304264465896e-02
1.928735999999999819e+02	1.801970559603032762e-01	6.149311563331772562e-02
1.938735999999999535e+02	1.810080744190682156e-01	6.176987959929822886e-02
1.948735999999999535e+02	1.818366529403456222e-01	6.205263602141991575e-02
1.958735999999999535e+02	1.826318231942441750e-01	6.232399171094867019e-02
1.968735999999999535e+02	1.834233759427591759e-01	6.259411290929402238e-02
1.978735999999999535e+02	1.842408278711769043e-01	6.287307232786489009e-02
1.988735999999999535e+02	1.850595803163149200e-01	6.315247555404759905e-02
1.998735999999999535e+02	1.858785848240891991e-01	6.343196479782228780e-02
2.008735999999999535e+02	1.866513909335129062e-01	6.369568861503825674e-02
2.018735999999999535e+02	1.874232076443877459e-01	6.395907479522094929e-02
2.028735999999999535e+02	1.881916191757592727e-01	6.422129894145235662e-02
2.038735999999999535e+02	1.889470563776983192e-01	6.447909553510360048e-02
2.048735999999999535e+02	1.897435238657811385e-01	6.475089391206288736e-02
2.058735999999999535e+02	1.905285691821778926e-01	6.501879441776937940e-02
2.068735999999999535e+02	1.913170778753356116e-01	6.528787681752235006e-02
2.078735999999999535e+02	1.921323078053612521e-01	6.556607796841047719e-02
2.088735999999999535e+02	1.929402799426144233e-01	6.584180236246248152e-02
2.098735999999999535e+02	1.937211334001509022e-01	6.610827237608769835e-02
2.108735999999999535e+02	1.944811084221888253e-01	6.636761752276371107e-02
2.118735999999999535e+02	1.952403459276240982e-01	6.662671098833714001e-02
2.128735999999999535e+02	1.959927855717818745e-01	6.688348465091838169e-02
2.138735999999999535e+02	1.967680232449351141e-01	6.714803825100061629e-02
2.148735999999999535e+02	1.975348873139921579e-01	6.740973431824352768e-02
2.158735999999999535e+02	1.982964258195299145e-01	6.766961301121492134e-02
2.168735999999999535e+02	1.990834850897892083e-01	6.793820078840363819e-02
2.178735999999999535e+02	1.998971225988788458e-01	6.821585851795654298e-02
2.188735999999999535e+02	2.006845185066921389e-01	6.848456117433640578e-02
2.198735999999999535e+02	2.014364658833626698e-01	6.874116684826014900e-02
2.208735999999999535e+02	2.021792108532092513e-01	6.899463215641092606e-02
2.218735999999999535e+02	2.029241751719062514e-01	6.924885482807556503e-02
2.228735999999999535e+02	2.036890162468063259e-01	6.950986053879207316e-02
2.238735999999999535e+02	2.044361043146394330e-01	6.976480795010635283e-02
2.248735999999999535e+02	2.051895212479679376e-01	7.002191511733707463e-02
2.258735999999999535e+02	2.059514081752122083e-01	7.028191271089855030e-02
2.268735999999999535e+02	2.067228995428753435e-01	7.054518786613898917e-02
2.278735999999999535e+02	2.074948179331113085e-01	7.080860874489475210e-02
2.288735999999999535e+02	2.082476191592626535e-01	7.106550579907763843e-02
2.298735999999999535e+02	2.089829136612177951e-01	7.131642859907737220e-02
2.308735999999999535e+02	2.097052508465703791e-01	7.156292965220732716e-02
2.318735999999999535e+02	2.104430669858924630e-01	7.181471297313715696e-02
2.328735999999999535e+02	2.111821839323296535e-01	7.206694020077741847e-02
2.338735999999999535e+02	2.119295444111144733e-01	7.232198057364459809e-02
2.348735999999999535e+02	2.126963689631832521e-01	7.258366315552441939e-02
2.358735999999999535e+02	2.134454394798070420e-01	7.283928708706302602e-02
2.368735999999999535e+02	2.142033611636436352e-01	7.309793152216095824e-02
2.378735999999999535e+02	2.149740940161032343e-01	7.336094783042482192e-02
2.388735999999999535e+02	2.157467391534610146e-01	7.362461671514583528e-02
2.398735999999999535e+02	2.165109489747787386e-01	7.388540700752863066e-02
2.408735999999999535e+02	2.172335581524511838e-01	7.413200087935137295e-02
2.418735999999999535e+02	2.179632782907102440e-01	7.438102140081766234e-02
2.428735999999999535e+02	2.186935275066790307e-01	7.463022247260764352e-02
2.438735999999999535e+02	2.194258951630480847e-01	7.488014647241553190e-02
2.448735999999999535e+02	2.201553590440800956e-01	7.512907954486544582e-02
2.458735999999999535e+02	2.209192174246615847e-01	7.538974990639968343e-02
2.468735999999999535e+02	2.216801097939277154e-01	7.564940810224776713e-02
2.478735999999999535e+02	2.224364006887330769e-01	7.590749602271268381e-02
2.488735999999999535e+02	2.232149018864760248e-01	7.617316331632280335e-02
2.498735999999999535e+02	2.239391151553956905e-01	7.642030459203083548e-02
2.508735999999999535e+02	2.246421593786362414e-01	7.666022182866198686e-02
2.518735999999999535e+02	2.253736506258241512e-01	7.690984674960406331e-02
2.528735999999999535e+02	2.261143240213967509e-01	7.716260512302887398e-02
2.538735999999999535e+02	2.268507469360976359e-01	7.741391299932795511e-02
2.548735999999999535e+02	2.275694435360550438e-01	7.765917168510907964e-02
2.558735999999999535e+02	2.283166567122859314e-01	7.791416179026833255e-02
2.568735999999999535e+02	2.290624730302935896e-01	7.816867521081258263e-02
2.578735999999999535e+02	2.298210047424767977e-01	7.842752782102999087e-02
2.588735999999999535e+02	2.305844821881993245e-01	7.868806818670383285e-02
2.598735999999999535e+02	2.313197564987570232e-01	7.893898409629170054e-02
2.608735999999999535e+02	2.319892963874232994e-01	7.916746781693552448e-02
2.618735999999999535e+02	2.327430430893072666e-01	7.942468751927844739e-02
2.628735999999999535e+02	2.335400150964743182e-01	7.969665806581190115e-02
2.638735999999999535e+02	2.343213038664848924e-01	7.996327663192130675e-02
2.648735999999999535e+02	2.350471014971649841e-01	8.021095857873196400e-02
2.658735999999999535e+02	2.357637353594160268e-01	8.045551334530852416e-02
2.668735999999999535e+02	2.365228481435361352e-01	8.071456424913077410e-02
2.678735999999999535e+02	2.372745345058834554e-01	8.097108085065614358e-02
2.688735999999999535e+02	2.379939915432755793e-01	8.121659903938450997e-02
2.698735999999999535e+02	2.387367722496011313e-01	8.147007654278133615e-02
2.708735999999999535e+02	2.394497540026486182e-01	8.171338500945381222e-02
2.718735999999999535e+02	2.401782742477581445e-01	8.196199606158774409e-02
2.728735999999999535e+02	2.409105130065054001e-01	8.221187607445969159e-02
2.738735999999999535e+02	2.416213447553399452e-01	8.245445084181073081e-02
2.748735999999999535e+02	2.423468086010267253e-01	8.270201888288036818e-02
2.758735999999999535e+02	2.430747512780752073e-01	8.295043283712404125e-02
2.768735999999999535e+02	2.438188899906757190e-01	8.320437376672089325e-02
2.778735999999999535e+02	2.445491506826145134e-01	8.345357875474106180e-02
2.788735999999999535e+02	2.453023531399834978e-01	8.371061273101473854e-02
2.798735999999999535e+02	2.460243806516095311e-01	8.395700810648989987e-02
2.808735999999999535e+02	2.467133475405241250e-01	8.419212138479387209e-02
2.818735999999999535e+02	2.474128455983916064e-01	8.443082847536478863e-02
2.828735999999999535e+02	2.480877317860686049e-01	8.466113664636673586e-02
2.838735999999999535e+02	2.488002082973380935e-01	8.490427269684230893e-02
2.848735999999999535e+02	2.494257209271556752e-01	8.511773190276822332e-02
2.858735999999999535e+02	2.499850758369250858e-01	8.530861446720976182e-02
2.868735999999999535e+02	2.507288856348930950e-01	8.556244315309970150e-02
2.878735999999999535e+02	2.514631013261790504e-01	8.581299780374831987e-02
2.888735999999999535e+02	2.521983356388905473e-01	8.606390006387795721e-02
2.898735999999999535e+02	2.529133609019306173e-01	8.630790588820481946e-02
2.908735999999999535e+02	2.536114402277912516e-01	8.654612882962645082e-02
2.918735999999999535e+02	2.543078961155759155e-01	8.678379776496400466e-02
2.928735999999999535e+02	2.550087592582638285e-01	8.702297069732274626e-02
2.938735999999999535e+02	2.557087296800720777e-01	8.726183898436977449e-02
2.948735999999999535e+02	2.564147472415316820e-01	8.750277088702834716e-02
2.958735999999999535e+02	2.571214951789375647e-01	8.774395203400603416e-02
2.968735999999999535e+02	2.578257556460210598e-01	8.798428431972260544e-02
2.978735999999999535e+02	2.585310067768929465e-01	8.822495467424155968e-02
2.988735999999999535e+02	2.592359154912364794e-01	8.846550817746641482e-02
2.998735999999999535e+02	2.597647311545371873e-01	8.864596907655691860e-02
