T	B30KOD3 Rho_mr	Err
4.514499999999999957e+00	1.856752363220785784e-04	8.809693588114004604e-05
5.514499999999999957e+00	1.654301990140883240e-04	7.849131593438774597e-05
6.514499999999999957e+00	1.737249083199870071e-04	8.242688908000037648e-05
7.514499999999999957e+00	1.858123212150167053e-04	8.816197825977204231e-05
8.514499999999999957e+00	1.707047192127908149e-04	8.099390635491554656e-05
9.514499999999999957e+00	1.798204499653085261e-04	8.531902780633657984e-05
1.051449999999999996e+01	1.760796647379136320e-04	8.354414536724128685e-05
1.151449999999999996e+01	1.739986788754670959e-04	8.255678441526433813e-05
1.251449999999999996e+01	1.903930640353972289e-04	9.033539359791137899e-05
1.351449999999999996e+01	1.846535549987784704e-04	8.761218090889593736e-05
1.451449999999999996e+01	1.750228292689812214e-04	8.304271088202026417e-05
1.551449999999999996e+01	1.766255675561225933e-04	8.380315872047955979e-05
1.651449999999999818e+01	1.808171270279866540e-04	8.579191906003423226e-05
1.751449999999999818e+01	1.756401805070713319e-04	8.333562421562080308e-05
1.851449999999999818e+01	1.764240968430196368e-04	8.370756733820513228e-05
1.951449999999999818e+01	1.779703928557235435e-04	8.444123513032867321e-05
2.051449999999999818e+01	1.798683056680872429e-04	8.534173380021465129e-05
2.151449999999999818e+01	1.730785809487228155e-04	8.212022750190108630e-05
2.251449999999999818e+01	1.704277815318005519e-04	8.086250832032277724e-05
2.351449999999999818e+01	1.872400605170969248e-04	8.883939470066004877e-05
2.451449999999999818e+01	1.867172067116371276e-04	8.859131736365371418e-05
2.551449999999999818e+01	1.830326573750644501e-04	8.684311704849762546e-05
2.651449999999999818e+01	1.852870369625273753e-04	8.791274775371436996e-05
2.751449999999999818e+01	1.937964700532044619e-04	9.195020043843239786e-05
2.851449999999999818e+01	8.843729971497597472e-03	4.196065817294436680e-03
2.951449999999999818e+01	2.333569115339721722e-02	1.107203592684193917e-02
3.051449999999999818e+01	2.983208221395802426e-02	1.415436482571720556e-02
3.151449999999999818e+01	3.261195980292624225e-02	1.547332745403421674e-02
3.251449999999999818e+01	3.439735183256874274e-02	1.632043862660478850e-02
3.351449999999999818e+01	3.584037266701051161e-02	1.700510566376664534e-02
3.451449999999999818e+01	3.697819348508165488e-02	1.754496509596342041e-02
3.551449999999999818e+01	3.795171055783272407e-02	1.800686767832275145e-02
3.651449999999999818e+01	3.880723738972284564e-02	1.841278768115436892e-02
3.751449999999999818e+01	3.956105385488205284e-02	1.877044938183523859e-02
3.851449999999999818e+01	4.030874893319580377e-02	1.912520668107244720e-02
3.951449999999999818e+01	4.082777559611971974e-02	1.937146816187053713e-02
4.051449999999999818e+01	4.184787455359808422e-02	1.985547235235667063e-02
4.151449999999999818e+01	4.244701544341594052e-02	2.013974546060517609e-02
4.251449999999999818e+01	4.305055980998398479e-02	2.042610787713516896e-02
4.351449999999999818e+01	4.361766296587855918e-02	2.069518010966580820e-02
4.451449999999999818e+01	4.418758156627486389e-02	2.096558818018250114e-02
4.551449999999999818e+01	4.476177513939032931e-02	2.123802458794539841e-02
4.651449999999999818e+01	4.525834614023182406e-02	2.147363157834493441e-02
4.751449999999999818e+01	4.576987339287168916e-02	2.171633482983885075e-02
4.851449999999999818e+01	4.633257729949238901e-02	2.198331975988972870e-02
4.951449999999999818e+01	4.686547167295529448e-02	2.223616102391778176e-02
5.051449999999999818e+01	4.738375782947419623e-02	2.248207115821122815e-02
5.151449999999999818e+01	4.787489136621515817e-02	2.271509824654244572e-02
5.251449999999999818e+01	4.835678047938325730e-02	2.294373915281252077e-02
5.351449999999999818e+01	4.891469462037514870e-02	2.320845149291632034e-02
5.451449999999999818e+01	4.946876438014061184e-02	2.347133979760691533e-02
5.551449999999999818e+01	4.995015250526720768e-02	2.369974300114265769e-02
5.651449999999999818e+01	5.045807097999402413e-02	2.394073400342816571e-02
5.751449999999999818e+01	5.099361686055955967e-02	2.419483332241193635e-02
5.851449999999999818e+01	5.152363816824560849e-02	2.444631140900965088e-02
5.951449999999999818e+01	5.208919761122722536e-02	2.471465119934603688e-02
6.051449999999999818e+01	5.257583108296790680e-02	2.494554315137344561e-02
6.151449999999999818e+01	5.306184590070305018e-02	2.517614157194594804e-02
6.251449999999999818e+01	5.363650872006464621e-02	2.544880062198079038e-02
6.351449999999999818e+01	5.411192353972692215e-02	2.567436968393194824e-02
6.451449999999999818e+01	5.471306690800509936e-02	2.595959290389172544e-02
6.551449999999999818e+01	5.519936728629985107e-02	2.619032681377776728e-02
6.651449999999999818e+01	5.569889675745812174e-02	2.642733750331868747e-02
6.751449999999999818e+01	5.625288564184695306e-02	2.669018743524072604e-02
6.851449999999999818e+01	5.671033996927171000e-02	2.690723482050313975e-02
6.951449999999999818e+01	5.731963502158039792e-02	2.719632575270922864e-02
7.051449999999999818e+01	5.776362459219849116e-02	2.740698454334508996e-02
7.151449999999999818e+01	5.835154659898476870e-02	2.768593465193747855e-02
7.251449999999999818e+01	5.878500824502461142e-02	2.789159828051024706e-02
7.351449999999999818e+01	5.942167581385671138e-02	2.819367659262135561e-02
7.451449999999999818e+01	5.994117508987757692e-02	2.844016231315395563e-02
7.551449999999999818e+01	6.046150958408207793e-02	2.868704431788809267e-02
7.651449999999999818e+01	6.100758118895734106e-02	2.894613775497820174e-02
7.751449999999999818e+01	6.148436146692363297e-02	2.917235468303709667e-02
7.851449999999999818e+01	6.207420954178995143e-02	2.945221864906955034e-02
7.951449999999999818e+01	6.261260747379876479e-02	2.970767117485734188e-02
8.051449999999999818e+01	6.302737365875839270e-02	2.990446440763217667e-02
8.151449999999999818e+01	6.361960345916013726e-02	3.018545842593191655e-02
8.251449999999999818e+01	6.407194520806754057e-02	3.040008005690015766e-02
8.351449999999999818e+01	6.470730329994479890e-02	3.070153706425562609e-02
8.451449999999999818e+01	6.530084880471576092e-02	3.098315534201907806e-02
8.551449999999999818e+01	6.576261551562202767e-02	3.120224881473285597e-02
8.651449999999999818e+01	6.634454389967155141e-02	3.147835514184747080e-02
8.751449999999999818e+01	6.685125241684083952e-02	3.171877205813487810e-02
8.851449999999999818e+01	6.730543096254217039e-02	3.193426519018525978e-02
8.951449999999999818e+01	6.793854634997330277e-02	3.223465810631506723e-02
9.051449999999999818e+01	6.842754188477789823e-02	3.246667078139856694e-02
9.151449999999999818e+01	6.893241007302043644e-02	3.270621452072026980e-02
9.251449999999999818e+01	6.949988557416507395e-02	3.297546341911260226e-02
9.351449999999999818e+01	6.998255153107665882e-02	3.320447291278730284e-02
9.451449999999999818e+01	7.061001104481662294e-02	3.350218229851322643e-02
9.551449999999999818e+01	7.102480060885132951e-02	3.369898662390826555e-02
9.651449999999999818e+01	7.163836153777246307e-02	3.399010157755009282e-02
9.751449999999999818e+01	7.206366545111660138e-02	3.419189462397918822e-02
9.851449999999999818e+01	7.271881704443659833e-02	3.450274301201636945e-02
9.951449999999999818e+01	7.315411308920800881e-02	3.470927700386771536e-02
1.005144999999999982e+02	7.374697412579060696e-02	3.499057052346041252e-02
1.015144999999999982e+02	7.415040008143543304e-02	3.518198318166530086e-02
1.025144999999999982e+02	7.478004407502918116e-02	3.548072903291792785e-02
1.035144999999999982e+02	7.516044215315290100e-02	3.566121570287775211e-02
1.045144999999999982e+02	7.582986352941176178e-02	3.597883464458435238e-02
1.055144999999999982e+02	7.624151576995606694e-02	3.617415041075174725e-02
1.065144999999999982e+02	7.697240896006948829e-02	3.652093575370234102e-02
1.075144999999999982e+02	7.737162080765856709e-02	3.671034895298886519e-02
1.085144999999999982e+02	7.803596721083634613e-02	3.702555998297293871e-02
1.095144999999999982e+02	7.855894817174255418e-02	3.727369765115443739e-02
1.105144999999999982e+02	7.912595946741225739e-02	3.754272629895887697e-02
1.115144999999999982e+02	7.958239122415555755e-02	3.775928850727717362e-02
1.125144999999999982e+02	8.019314155921712650e-02	3.804906992440686836e-02
1.135144999999999982e+02	8.065146158044748936e-02	3.826652805357459719e-02
1.145144999999999982e+02	8.133372465077771951e-02	3.859023996665217338e-02
1.155144999999999982e+02	8.173941961363410946e-02	3.878272919590008277e-02
1.165144999999999982e+02	8.244180689188086719e-02	3.911598939925912261e-02
1.175144999999999982e+02	8.288715989110007065e-02	3.932729509297387682e-02
1.185144999999999982e+02	8.357311195490287059e-02	3.965275731496639700e-02
1.195144999999999982e+02	8.407108290327328093e-02	3.988902853550310712e-02
1.205144999999999982e+02	8.466011909280925229e-02	4.016850728802347920e-02
1.215144999999999982e+02	8.510873799218540703e-02	4.038136254646437773e-02
1.225144999999999982e+02	8.574063062379543021e-02	4.068117530423110556e-02
1.235144999999999982e+02	8.615802579159236030e-02	4.087921590492122476e-02
1.245144999999999982e+02	8.681110275588370395e-02	4.118907994811987772e-02
1.255144999999999982e+02	8.727593134056298163e-02	4.140962618159377273e-02
1.265144999999999982e+02	8.793758787964334189e-02	4.172356095746011795e-02
1.275144999999999982e+02	8.839133785824804246e-02	4.193885074818839986e-02
1.285144999999999982e+02	8.911027100844216842e-02	4.227996143634508985e-02
1.295144999999999982e+02	8.960450695567197255e-02	4.251446051880609922e-02
1.305144999999999982e+02	9.022111941507005017e-02	4.280702332564628038e-02
1.315144999999999982e+02	9.073532591503569167e-02	4.305099779394080950e-02
1.325144999999999982e+02	9.128404721684021950e-02	4.331134842711752836e-02
1.335144999999999982e+02	9.186140703102690930e-02	4.358528711457135968e-02
1.345144999999999982e+02	9.237639204091570300e-02	4.382963096081924498e-02
1.355144999999999982e+02	9.300177747756452340e-02	4.412635626358326485e-02
1.365144999999999982e+02	9.346407339178587625e-02	4.434570082627242726e-02
1.375144999999999982e+02	9.415490496840060730e-02	4.467347822036780297e-02
1.385144999999999982e+02	9.465572171516599409e-02	4.491109968083795839e-02
1.395144999999999982e+02	9.533711440766579059e-02	4.523439862759088409e-02
1.405144999999999982e+02	9.575413624256901013e-02	4.543226209381412417e-02
1.415144999999999982e+02	9.641672941259994689e-02	4.574664127098259508e-02
1.425144999999999982e+02	9.684905346724936859e-02	4.595176514897921644e-02
1.435144999999999982e+02	9.756481298363148258e-02	4.629137004982691178e-02
1.445144999999999982e+02	9.803419276152496031e-02	4.651407567829993206e-02
1.455144999999999982e+02	9.865714224015309508e-02	4.680964519722433104e-02
1.465144999999999982e+02	9.922602333988933543e-02	4.707956100700158575e-02
1.475144999999999982e+02	9.979909280002170757e-02	4.735146405925970414e-02
1.485144999999999982e+02	1.003977070148483891e-01	4.763548727714131403e-02
1.495144999999999982e+02	1.009808908784169124e-01	4.791218928896261164e-02
1.505144999999999982e+02	1.015633687934476420e-01	4.818855635087726519e-02
1.515144999999999982e+02	1.020504673715355859e-01	4.841966898092757432e-02
1.525144999999999982e+02	1.026707599663400083e-01	4.871397789381479854e-02
1.535144999999999982e+02	1.031642649713618853e-01	4.894813016767547709e-02
1.545144999999999982e+02	1.038254631993267979e-01	4.926184748963816085e-02
1.555144999999999982e+02	1.043378475887802997e-01	4.950495742501952873e-02
1.565144999999999982e+02	1.049646040598279095e-01	4.980233323956915342e-02
1.575144999999999982e+02	1.055364346317760882e-01	5.007364847917605138e-02
1.585144999999999982e+02	1.061407735959173787e-01	5.036038790673266763e-02
1.595144999999999982e+02	1.067477428930308364e-01	5.064837534280017262e-02
1.605144999999999982e+02	1.072728371997068442e-01	5.089751572567031979e-02
1.615144999999999982e+02	1.078837446322943178e-01	5.118737168053021092e-02
1.625144999999999982e+02	1.083486525171693110e-01	5.140795553939991186e-02
1.635144999999999982e+02	1.089970607905083738e-01	5.171560443869667456e-02
1.645144999999999982e+02	1.095041160726404061e-01	5.195618588382106690e-02
1.655144999999999982e+02	1.101520938527104504e-01	5.226363052788879360e-02
1.665144999999999982e+02	1.107268391750381581e-01	5.253632872293111794e-02
1.675144999999999982e+02	1.113479840299682333e-01	5.283104200587401128e-02
1.685144999999999982e+02	1.119485417973540980e-01	5.311598737701945377e-02
1.695144999999999982e+02	1.125192862868155952e-01	5.338678730537061573e-02
1.705144999999999982e+02	1.130740453486794167e-01	5.365000266176699062e-02
1.715144999999999982e+02	1.136259460395233345e-01	5.391186181292324103e-02
1.725144999999999982e+02	1.142281663345910692e-01	5.419759600005455424e-02
1.735144999999999982e+02	1.147539408170688835e-01	5.444705910449590403e-02
1.745144999999999982e+02	1.153902096933225041e-01	5.474894824978422669e-02
1.755144999999999982e+02	1.159265462037514655e-01	5.500342269724373123e-02
1.765144999999999982e+02	1.165605609381361873e-01	5.530424232461665646e-02
1.775144999999999982e+02	1.171243894802122543e-01	5.557176085806864174e-02
1.785144999999999982e+02	1.177727230380846563e-01	5.587937430727628330e-02
1.795144999999999982e+02	1.183488307717364962e-01	5.615271892273223514e-02
1.805144999999999982e+02	1.189169612245175173e-01	5.642227857463948115e-02
1.815144999999999982e+02	1.195012170254349804e-01	5.669948918630299955e-02
1.825144999999999982e+02	1.200413605494177333e-01	5.695576993941525723e-02
1.835144999999999982e+02	1.206459378430467938e-01	5.724262244665884181e-02
1.845144999999999982e+02	1.211788688075137593e-01	5.749548107194303592e-02
1.855144999999999982e+02	1.218087165082155782e-01	5.779432357567555051e-02
1.865144999999999982e+02	1.223842004397513589e-01	5.806737221706350510e-02
1.875144999999999982e+02	1.230443697035123463e-01	5.838060132856099510e-02
1.885144999999999982e+02	1.235903503569586448e-01	5.863965161211937005e-02
1.895144999999999982e+02	1.242515301609706940e-01	5.895336019250816545e-02
1.905144999999999982e+02	1.247881325768886440e-01	5.920796080358149693e-02
1.915144999999999982e+02	1.254023527348733513e-01	5.949938854024004742e-02
1.925144999999999982e+02	1.259471112579269025e-01	5.975785896218098470e-02
1.935144999999999982e+02	1.265596634740356607e-01	6.004849531399248513e-02
1.945144999999999982e+02	1.271219948641385267e-01	6.031530349692060256e-02
1.955144999999999982e+02	1.277056131556231211e-01	6.059221163083454431e-02
1.965144999999999982e+02	1.283280892031229414e-01	6.088755652189483530e-02
1.975144999999999982e+02	1.289550900382746557e-01	6.118504827936305235e-02
1.985144999999999982e+02	1.295522496158962311e-01	6.146838131861272897e-02
1.995144999999999982e+02	1.301821613154537371e-01	6.176725418774665216e-02
2.005144999999999982e+02	1.307545539129726375e-01	6.203883609043502056e-02
2.015144999999999982e+02	1.313080447395423289e-01	6.230144970991912529e-02
2.025144999999999982e+02	1.318874747740166609e-01	6.257637065040548563e-02
2.035144999999999982e+02	1.324760448600667551e-01	6.285562825179273616e-02
2.045144999999999982e+02	1.331120228019218865e-01	6.315737935805355863e-02
2.055144999999999982e+02	1.336698726718966446e-01	6.342206120362407773e-02
2.065144999999999982e+02	1.342867610575748383e-01	6.371475492862165024e-02
2.075144999999999982e+02	1.348866393577458633e-01	6.399937791439763712e-02
2.085144999999999982e+02	1.355312464019109708e-01	6.430522325254407756e-02
2.095144999999999982e+02	1.361174451640923821e-01	6.458335573692082499e-02
2.105144999999999982e+02	1.367115690002443096e-01	6.486524841434895827e-02
2.115144999999999982e+02	1.372714216238226093e-01	6.513088050217734348e-02
2.125144999999999982e+02	1.378659728439968479e-01	6.541297595959681688e-02
2.135144999999999982e+02	1.384553300143869237e-01	6.569260700722279189e-02
2.145144999999999982e+02	1.390619311206559849e-01	6.598041974856067027e-02
2.155144999999999982e+02	1.396289846087027109e-01	6.624946841529279207e-02
2.165144999999999982e+02	1.402653921767692269e-01	6.655142336539167369e-02
2.175144999999999982e+02	1.408737983007139483e-01	6.684009252964077941e-02
2.185144999999999982e+02	1.415209750235431885e-01	6.714715709777713259e-02
2.195144999999999982e+02	1.420946138820271543e-01	6.741933031126444431e-02
2.205144999999999982e+02	1.427115009527946121e-01	6.771202341237908540e-02
2.215144999999999982e+02	1.432886018621570001e-01	6.798583925780961323e-02
2.225144999999999982e+02	1.438718147565185568e-01	6.826255504380973615e-02
2.235144999999999982e+02	1.444652198246423602e-01	6.854410668889486524e-02
2.245144999999999982e+02	1.450898989306901032e-01	6.884049686047548355e-02
2.255144999999999982e+02	1.456674844159721871e-01	6.911454262161570439e-02
2.265144999999999982e+02	1.463016238593296825e-01	6.941542141939066601e-02
2.275144999999999982e+02	1.469146414614946605e-01	6.970627858193793880e-02
2.285144999999999982e+02	1.475470564481203839e-01	7.000633918038197401e-02
2.295144999999999982e+02	1.481440371779907117e-01	7.028958736211815550e-02
2.305144999999999982e+02	1.487643310839056321e-01	7.058389689708517711e-02
2.315144999999999982e+02	1.493335177443637085e-01	7.085395768561057739e-02
2.325144999999999982e+02	1.499302070305926216e-01	7.113706758669985364e-02
2.335144999999999982e+02	1.505373040962024178e-01	7.142511564481504593e-02
2.345144999999999982e+02	1.511660301528271744e-01	7.172342596445936691e-02
2.355144999999999982e+02	1.517560013263535568e-01	7.200334833685217983e-02
2.365144999999999982e+02	1.523768673851081668e-01	7.229792933996452564e-02
2.375144999999999982e+02	1.529939327669046500e-01	7.259070704393524864e-02
2.385144999999999982e+02	1.536272841583021520e-01	7.289121193636682872e-02
2.395144999999999982e+02	1.542162924943673852e-01	7.317067747330997796e-02
2.405144999999999982e+02	1.548413608947039888e-01	7.346725235252681008e-02
2.415144999999999982e+02	1.554321881049973986e-01	7.374758088687033419e-02
2.425144999999999982e+02	1.560384478840359801e-01	7.403523167940052885e-02
2.435144999999999982e+02	1.566313178834304320e-01	7.431652945155957368e-02
2.445144999999999982e+02	1.572570334373897261e-01	7.461341138438426501e-02
2.455144999999999982e+02	1.578647956350606729e-01	7.490177502629893902e-02
2.465144999999999982e+02	1.584804161643074416e-01	7.519386719414240805e-02
2.475144999999999982e+02	1.590811605092428971e-01	7.547890109034238737e-02
2.485144999999999982e+02	1.597125485323872829e-01	7.577847442759985674e-02
2.495144999999999982e+02	1.603432307413339142e-01	7.607771287869070920e-02
2.505144999999999982e+02	1.609649647710306719e-01	7.637270570613650944e-02
2.515144999999999982e+02	1.615594473398801745e-01	7.665476859070741167e-02
2.525144999999999982e+02	1.621413293737614947e-01	7.693085292615593762e-02
2.535144999999999982e+02	1.627594308748880614e-01	7.722412223546937238e-02
2.545144999999999982e+02	1.633736767990445204e-01	7.751556219734881403e-02
2.555144999999999982e+02	1.639749128411152890e-01	7.780082938804656900e-02
2.565144999999999982e+02	1.646183600336599273e-01	7.810612441385268723e-02
2.575144999999999982e+02	1.652368195027426601e-01	7.839956356746362320e-02
2.585144999999999982e+02	1.658616312762185852e-01	7.869601668547776541e-02
2.595144999999999982e+02	1.664772002193327938e-01	7.898808437735826971e-02
2.605144999999999982e+02	1.670970138653224968e-01	7.928216604441637450e-02
2.615144999999999982e+02	1.676929897250196699e-01	7.956493744753108388e-02
2.625144999999999982e+02	1.682892396778497834e-01	7.984783889903369902e-02
2.635144999999999982e+02	1.689331426585955476e-01	8.015335018170166581e-02
2.645144999999999982e+02	1.695059629631640585e-01	8.042513501764742001e-02
2.655144999999999982e+02	1.701848346263470924e-01	8.074723781696319103e-02
2.665144999999999982e+02	1.708306237411439110e-01	8.105364400965711646e-02
2.675144999999999982e+02	1.714568642224520156e-01	8.135077500364855385e-02
2.685144999999999982e+02	1.720727161896112856e-01	8.164297698134791170e-02
2.695144999999999982e+02	1.726965093613734292e-01	8.193894680556557120e-02
2.705144999999999982e+02	1.732811229443104728e-01	8.221632717330569495e-02
2.715144999999999982e+02	1.739010372189552511e-01	8.251045658542854877e-02
2.725144999999999982e+02	1.745249335106816291e-01	8.280647533675709882e-02
2.735144999999999982e+02	1.751372509588405568e-01	8.309700029871697202e-02
2.745144999999999982e+02	1.757549839463611596e-01	8.339009476016076561e-02
2.755144999999999982e+02	1.763784505876924147e-01	8.368590965617690725e-02
2.765144999999999982e+02	1.770081208719020971e-01	8.398466798148236656e-02
2.775144999999999982e+02	1.776586957300687053e-01	8.429334485569064950e-02
2.785144999999999982e+02	1.782774574988463256e-01	8.458692744079721049e-02
2.795144999999999982e+02	1.789123221368657812e-01	8.488815032014652984e-02
2.805144999999999982e+02	1.795144061619479425e-01	8.517381985154659496e-02
2.815144999999999982e+02	1.801177479819673077e-01	8.546008616624486964e-02
2.825144999999999982e+02	1.807419524876437700e-01	8.575625115519314168e-02
2.835144999999999982e+02	1.813469758763183448e-01	8.604331532020757789e-02
2.845144999999999982e+02	1.819619296072097214e-01	8.633509111364850996e-02
2.855144999999999982e+02	1.825927511604549247e-01	8.663439567913339134e-02
2.865144999999999982e+02	1.832276520991341084e-01	8.693563578197981145e-02
2.875144999999999982e+02	1.838674728412823534e-01	8.723921017355176777e-02
2.885144999999999982e+02	1.845169492263633582e-01	8.754736585756311973e-02
2.895144999999999982e+02	1.851475237207850510e-01	8.784655320157158664e-02
2.905144999999999982e+02	1.857484042799910362e-01	8.813165172706785566e-02
2.915144999999999982e+02	1.863547915027123636e-01	8.841936298753211299e-02
2.925144999999999982e+02	1.869603523092375486e-01	8.870668214005517083e-02
2.935144999999999982e+02	1.875617525502863425e-01	8.899202723789405300e-02
2.945144999999999982e+02	1.881861935974235012e-01	8.928830445816790529e-02
2.955144999999999982e+02	1.888225489868692875e-01	8.959023465118715057e-02
2.965144999999999982e+02	1.894374957119719094e-01	8.988200712060633035e-02
2.975144999999999982e+02	1.900491263339988968e-01	9.017220620562695077e-02
2.985144999999999982e+02	1.906879775633035512e-01	9.047532059449468755e-02
2.995144999999999982e+02	1.911880308822912766e-01	9.071257983300506922e-02
