1.0000	1257.0	0.0013100	-24.082
1.0000	1300.8	0.0023500	-24.082
1.0000	1486.5	0.0053500	-24.082
2.0000	1251.1	0.0014200	-23.409
2.0000	1297.3	0.0021200	-23.409
2.0000	1474.4	0.0063500	-23.409
3.0000	1247.0	0.0015200	-22.453
3.0000	1283.7	0.0025000	-22.453
3.0000	1464.6	0.0075700	-22.453
4.0000	1237.8	0.0014500	-21.445
4.0000	1273.7	0.0025000	-21.445
4.0000	1452.0	0.0086400	-21.445
5.0000	1229.5	0.0014700	-20.053
5.0000	1261.9	0.0024500	-20.053
5.0000	1439.2	0.010400	-20.053
6.0000	1223.8	0.0014400	-19.493
6.0000	1257.0	0.0024900	-19.493
6.0000	1433.7	0.010600	-19.493
7.0000	1220.7	0.0014300	-18.636
7.0000	1250.8	0.0022900	-18.636
7.0000	1426.1	0.010700	-18.636
8.0000	1215.9	0.0015900	-17.789
8.0000	1242.8	0.0025500	-17.789
8.0000	1418.5	0.011900	-17.789
9.0000	1214.6	0.0016300	-16.952
9.0000	1237.2	0.0024700	-16.952
9.0000	1412.2	0.012200	-16.952
10.000	1228.7	0.0021900	-15.890
10.000	1404.1	0.012100	-15.890
10.000	1212.0	0.0016000	-15.890
11.000	1221.5	0.0018000	-14.548
11.000	1394.4	0.012000	-14.548
11.000	1201.9	0.0010400	-14.548
12.000	1195.3	0.0010400	-13.852
12.000	1217.4	0.0017900	-13.852
12.000	1390.0	0.011400	-13.852
13.000	1193.3	0.0010200	-12.491
13.000	1211.8	0.0014700	-12.491
13.000	1381.6	0.010900	-12.491
14.000	1192.8	0.0012500	-11.729
14.000	1206.4	0.0015300	-11.729
14.000	1377.7	0.010400	-11.729
15.000	1201.2	0.0015900	-11.090
15.000	1374.1	0.0098800	-11.090
16.000	1195.2	0.0013800	-10.037
16.000	1369.7	0.0081600	-10.037
17.000	1193.9	0.0011200	-9.1666
17.000	1365.7	0.0075200	-9.1666
18.000	1191.4	0.00069200	-8.1453
18.000	1361.2	0.0075400	-8.1453
19.000	1190.1	0.00050100	-7.3686
19.000	1359.6	0.0067900	-7.3686
20.000	1188.4	0.00038000	-6.3939
20.000	1356.7	0.0060400	-6.3939
21.000	1186.5	0.00033500	-5.1517
21.000	1353.3	0.0046500	-5.1517
22.000	1180.6	0.00043800	-4.2688
22.000	1351.7	0.0039400	-4.2688
23.000	1180.2	0.00034400	-3.0180
23.000	1349.1	0.0028100	-3.0180
24.000	1182.5	0.00027200	-2.4192
24.000	1348.8	0.0022500	-2.4192
25.000	1178.6	0.00017900	-1.3687
25.000	1348.0	0.0013400	-1.3687
26.000	1347.0	0.00055900	-0.62271
27.000	1349.3	0.00015800	0.10832
28.000	1349.2	0.00079100	0.45094
29.000	1179.0	0.00026900	1.2711
29.000	1347.5	0.0016000	1.2711
30.000	1178.6	0.00034800	2.8331
30.000	1349.8	0.0023000	2.8331
31.000	1179.9	0.00041800	4.1988
31.000	1351.4	0.0031700	4.1988
32.000	1183.9	0.00056400	5.0814
32.000	1352.9	0.0037800	5.0814
33.000	1186.0	0.00062900	6.3028
33.000	1355.4	0.0044300	6.3028
34.000	1184.4	0.00069900	6.8964
34.000	1357.9	0.0049300	6.8964
35.000	1188.2	0.00092000	7.7970
35.000	1360.3	0.0053100	7.7970
36.000	1190.9	0.00093600	8.7868
36.000	1364.2	0.0052300	8.7868
37.000	1193.2	0.00095200	9.6168
37.000	1367.5	0.0056500	9.6168
38.000	1196.1	0.0010600	10.511
38.000	1371.9	0.0065600	10.511
39.000	1201.5	0.00096700	11.322
39.000	1375.2	0.0067500	11.322
40.000	1206.4	0.00074700	12.360
40.000	1380.7	0.0067500	12.360
41.000	1215.9	0.00053700	13.616
41.000	1387.8	0.0067800	13.616
42.000	1216.9	0.00062500	14.469
42.000	1392.8	0.0063900	14.469
43.000	1220.6	0.0010600	15.595
43.000	1401.3	0.0060900	15.595
44.000	1227.4	0.0013900	16.690
44.000	1410.0	0.0052800	16.690
45.000	1239.0	0.0013500	18.111
45.000	1424.8	0.0047800	18.111
46.000	1224.5	0.00084600	18.406
46.000	1240.3	0.0011900	18.406
46.000	1417.2	0.0037200	18.406
47.000	1248.8	0.0010700	18.997
47.000	1419.2	0.0031400	18.997
47.000	1434.3	0.0040300	18.997
48.000	1240.8	0.00073400	19.773
48.000	1426.3	0.0035600	19.773
48.000	1443.2	0.0040000	19.773
49.000	1262.9	0.00098400	20.550
49.000	1430.9	0.0030900	20.550
49.000	1449.2	0.0039200	20.550
50.000	1271.6	0.00087500	21.680
50.000	1443.8	0.0029900	21.680
50.000	1462.8	0.0037000	21.680
51.000	1284.5	0.00082600	22.977
51.000	1457.2	0.0032400	22.977
51.000	1476.0	0.0031400	22.977
52.000	1293.8	0.00091300	23.838
52.000	1468.3	0.0027300	23.838
52.000	1485.5	0.0037300	23.838
53.000	1304.5	0.00090000	24.805
53.000	1481.8	0.0037300	24.805
53.000	1493.6	0.0033100	24.805
54.000	1285.9	0.00050600	25.863
54.000	1317.1	0.00091200	25.863
54.000	1506.7	0.0043600	25.863
55.000	1279.4	0.00044400	26.630
55.000	1325.8	0.00082100	26.630
55.000	1509.6	0.0047600	26.630
56.000	1293.0	0.00046700	27.583
56.000	1335.7	0.00074700	27.583
56.000	1527.0	0.0043500	27.583
57.000	1303.1	0.00070500	28.521
57.000	1348.0	0.00088400	28.521
57.000	1538.4	0.0053300	28.521
58.000	1308.6	0.00060000	29.104
58.000	1355.5	0.00087200	29.104
58.000	1547.6	0.0052000	29.104
59.000	1324.7	0.00060700	30.407
59.000	1376.0	0.00092600	30.407
59.000	1570.5	0.0047900	30.407
60.000	1335.7	0.00055900	31.169
60.000	1387.5	0.00098700	31.169
60.000	1580.7	0.0042200	31.169
61.000	1354.6	0.00051600	32.636
61.000	1412.1	0.00079400	32.636
61.000	1612.9	0.0035100	32.636
62.000	1370.3	0.00037000	33.321
62.000	1428.5	0.00086700	33.321
62.000	1615.2	0.0028100	33.321
62.000	1629.1	0.0028900	33.321
63.000	1386.3	0.00025500	34.304
63.000	1442.7	0.00067400	34.304
63.000	1628.6	0.0022800	34.304
63.000	1647.1	0.0026400	34.304
64.000	1472.5	0.00050400	35.512
64.000	1656.6	0.0020500	35.512
64.000	1676.7	0.0021300	35.512
65.000	1411.7	0.00019500	36.261
65.000	1487.2	0.00078200	36.261
65.000	1670.6	0.0017000	36.261
65.000	1690.9	0.0017700	36.261
66.000	1425.1	0.00044300	37.222
66.000	1510.6	0.00064200	37.222
66.000	1694.3	0.0013200	37.222
66.000	1715.8	0.0013100	37.222
67.000	1439.2	0.00056400	37.974
67.000	1531.1	0.00055900	37.974
67.000	1710.6	0.0012300	37.974
67.000	1733.9	0.0010500	37.974
68.000	1461.5	0.00079000	39.028
68.000	1560.8	0.00052300	39.028
68.000	1741.9	0.0012100	39.028
68.000	1764.1	0.0012900	39.028
69.000	1478.8	0.00091400	40.026
69.000	1583.6	0.00055300	40.026
69.000	1765.0	0.0012900	40.026
69.000	1784.9	0.0011100	40.026
70.000	1504.1	0.0010600	41.150
70.000	1778.1	0.00077100	41.150
70.000	1830.1	0.00095500	41.150
70.000	1633.5	0.00036500	41.150
71.000	1525.6	0.0011500	42.409
71.000	1649.1	0.00073100	42.409
71.000	1842.8	0.0014200	42.409
72.000	1522.6	0.00050200	43.285
72.000	1679.2	0.00069800	43.285
72.000	1873.3	0.0015600	43.285
73.000	1566.9	0.0011400	44.298
73.000	1715.2	0.00083500	44.298
73.000	1902.9	0.0016800	44.298
74.000	1594.1	0.0013400	45.402
74.000	1758.2	0.00071100	45.402
74.000	1946.1	0.0016000	45.402
74.000	1930.3	0.0016200	45.402
75.000	1969.9	0.0014300	46.659
75.000	1624.4	0.0012400	46.659
75.000	1814.7	0.00053700	46.659
75.000	1987.9	0.0014800	46.659
76.000	1646.6	0.0011000	47.265
76.000	1841.1	0.00050500	47.265
76.000	1994.8	0.0013100	47.265
76.000	2015.8	0.0013000	47.265
77.000	1655.0	0.00086400	47.876
77.000	1871.1	0.00048300	47.876
77.000	2016.5	0.0011200	47.876
77.000	2036.1	0.0013100	47.876
78.000	1685.2	0.00083500	49.053
78.000	1936.6	0.00032700	49.053
78.000	2065.2	0.0014400	49.053
78.000	2091.7	0.0014700	49.053
79.000	1722.7	0.00052700	50.141
79.000	2004.3	0.00025500	50.141
79.000	2106.7	0.0010500	50.141
79.000	2131.1	0.0014200	50.141
80.000	1758.5	0.00042700	50.972
80.000	2035.0	0.00022700	50.972
80.000	2147.7	0.00098900	50.972
80.000	2180.0	0.0010800	50.972
81.000	1789.7	0.00010900	52.149
81.000	2189.7	0.00060600	52.149
81.000	2224.3	0.00089400	52.149
82.000	2232.9	0.00038500	53.071
82.000	2275.5	0.00092600	53.071
82.000	1846.0	0.00017600	53.071
83.000	1857.4	0.00027200	54.192
83.000	1895.0	0.00036900	54.192
83.000	2292.7	0.00034300	54.192
83.000	2336.9	0.00076300	54.192
84.000	1899.0	0.00033500	55.123
84.000	1937.0	0.00052000	55.123
84.000	2356.4	0.00028500	55.123
84.000	2400.3	0.00068900	55.123
85.000	1939.4	0.00031600	55.986
85.000	1976.6	0.00051200	55.986
85.000	2406.7	0.00027300	55.986
85.000	2455.7	0.00052900	55.986
86.000	1983.8	0.00030600	56.988
86.000	2027.0	0.00049300	56.988
87.000	2019.7	0.00026500	57.744
87.000	2064.6	0.00046400	57.744
88.000	2103.8	0.00021700	59.118
88.000	2148.2	0.00037500	59.118
89.000	2161.8	0.00018500	60.064
89.000	2206.2	0.00035600	60.064
90.000	2207.9	0.00019700	60.843
90.000	2255.9	0.00021500	60.843
